Number of nodes:
14
Number of edges:
32
W:
424.8
Edges (node i, node j, d_ij, q_ij):
2 0 4.47214 4.47214
0 12 8.24621 8.24621
12 5 9.21954 0
5 6 8.544 8.544
6 4 3.60555 3.60555
4 9 6.08276 6.08276
9 8 3.60555 0
8 11 6.32456 6.32456
11 1 10.8167 0
1 10 2 2
10 7 5.83095 0
7 13 2.23607 0
13 3 5.38516 5.38516
10 6 8.94427 0
12 8 7 0
7 12 2.82843 2.82843
1 3 8.24621 8.24621
13 6 1 1
13 4 2.82843 2.82843
5 11 8.94427 8.94427
4 7 3 3
12 11 2.23607 2.23607
1 7 7.07107 0
13 8 6 0
1 12 9.89949 0
6 9 5.65685 0
4 2 5.38516 5.38516
4 10 7.81025 0
12 9 5.83095 5.83095
3 4 3 0
0 13 7.28011 0
8 0 2.23607 0
Coordinates:
0 9
9 8
2 5
7 0
4 0
4 10
1 2
4 3
2 8
5 6
9 6
0 2
2 1
2 2
