Number of nodes:
17
Number of edges:
35
W:
0
Edges (node i, node j, d_ij, q_ij):
10 9 4 80
9 6 1 0
6 0 4.47214 0
0 16 5.83095 0
16 12 2.82843 85
12 14 4.12311 0
14 4 12.2066 0
4 2 10.8167 20
2 3 4 0
3 7 4.12311 54
7 1 1 0
1 15 2 28
15 13 4.47214 0
13 5 4.47214 0
5 8 2.23607 0
8 11 2.23607 0
0 13 4.12311 24
14 0 9.43398 69
4 12 9.48683 0
2 0 8.06226 40
1 5 6 44
7 15 2.23607 0
12 15 2.23607 89
0 15 5.38516 95
9 14 7.2111 21
6 10 5 81
5 4 10.6301 0
7 5 6.08276 87
14 6 8.06226 0
2 5 2.82843 53
2 16 2.23607 0
14 15 4.24264 0
15 3 2.82843 96
4 13 6.7082 11
1 8 5.38516 0
Coordinates:
2 6
7 6
9 2
5 2
0 8
7 0
6 8
6 6
5 1
6 7
6 3
3 0
9 5
3 2
10 1
7 4
7 3
