Number of nodes:
17
Number of edges:
35
W:
458.589
Edges (node i, node j, d_ij, q_ij):
7 13 3.16228 3.16228
13 11 5.09902 0
11 12 2.23607 0
12 0 4.47214 4.47214
0 8 5.38516 5.38516
8 3 6.32456 0
3 15 9.43398 9.43398
15 6 7.07107 0
6 4 8.94427 8.94427
4 1 3.16228 0
1 14 5 0
14 5 5.09902 0
5 2 8.06226 8.06226
2 10 6.08276 6.08276
10 9 7.81025 0
9 16 2.23607 2.23607
7 15 5 5
16 14 3.16228 0
16 6 6.7082 6.7082
7 3 10.2956 10.2956
5 16 8 0
12 5 7 0
5 8 2 0
13 10 5.09902 0
13 9 5 0
9 5 6.08276 0
1 11 6.40312 0
7 0 3.60555 0
15 5 5 0
0 13 1 1
11 8 5.83095 5.83095
10 11 7.2111 7.2111
14 10 5.65685 5.65685
8 1 2.23607 2.23607
6 13 8.06226 0
Coordinates:
3 8
7 8
1 8
10 0
10 9
8 4
6 1
1 5
8 6
2 3
7 9
3 3
1 4
2 8
3 5
5 8
0 4
