Number of nodes:
14
Number of edges:
32
W:
0
Edges (node i, node j, d_ij, q_ij):
13 11 6.32456 6.32456
11 4 2.23607 0
4 1 8.48528 0
1 12 5 0
12 6 2.23607 0
6 7 5 0
7 0 10.2956 10.2956
0 2 5.09902 5.09902
2 10 3.60555 3.60555
10 3 2.82843 2.82843
3 9 2 0
9 5 7.81025 0
5 8 10.0499 10.0499
8 10 6.32456 0
0 3 7.81025 7.81025
10 11 6.7082 6.7082
1 7 6.08276 0
4 10 8.60233 8.60233
7 12 4.47214 4.47214
12 4 9.21954 9.21954
11 5 2.82843 0
4 13 8.06226 8.06226
9 13 2.23607 0
3 7 3 3
8 12 3 3
1 10 1.41421 0
10 7 5.38516 5.38516
6 9 3.16228 3.16228
11 2 7.2111 0
6 10 1.41421 1.41421
7 8 4.12311 4.12311
6 2 5 5
Coordinates:
10 1
7 7
9 6
4 6
1 1
1 0
5 9
1 6
0 10
6 6
6 8
3 2
3 10
5 8
