Number of nodes:
14
Number of edges:
32
W:
38.8587
Edges (node i, node j, d_ij, q_ij):
6 2 5 5
2 1 1.41421 1.41421
1 11 4.24264 0
11 4 2.23607 2.23607
4 9 5.38516 0
9 8 1.41421 1.41421
8 13 3.16228 3.16228
13 10 1 0
10 7 6.7082 6.7082
7 3 3.60555 3.60555
3 12 7.2111 0
12 0 5.09902 0
0 5 9.48683 9.48683
8 6 7.81025 0
1 10 7 0
7 13 5.83095 5.83095
8 2 2.82843 0
9 3 6.7082 0
11 10 5 0
11 0 6.7082 6.7082
5 4 8.60233 8.60233
12 4 3.16228 0
13 4 5.38516 0
9 1 2 0
3 1 6.08276 6.08276
7 1 3.16228 0
3 6 10.198 0
13 3 9.21954 9.21954
1 8 3.16228 0
11 13 4.24264 0
1 5 3 0
12 5 8.24621 8.24621
Coordinates:
9 1
3 4
4 3
2 10
7 9
0 4
0 0
4 7
6 5
5 4
10 4
6 7
8 6
9 4
