Number of nodes:
20
Number of edges:
32
W:
0
Edges (node i, node j, d_ij, q_ij):
13 2 4.12311 4.12311
2 7 7.07107 7.07107
7 5 7.81025 7.81025
5 18 8.48528 8.48528
18 10 1 1
10 19 7.07107 7.07107
19 12 12.8062 12.8062
12 6 5 5
6 9 5 5
9 4 5 5
4 15 7.28011 7.28011
15 8 6 6
8 3 10.2956 10.2956
3 1 1.41421 1.41421
1 17 9.21954 9.21954
17 11 4.47214 4.47214
11 16 2.23607 2.23607
16 0 9 9
0 14 4.47214 4.47214
14 11 7.07107 7.07107
11 15 3.60555 3.60555
15 1 10 10
1 14 3.60555 3.60555
14 7 5.38516 5.38516
7 11 3 3
11 1 7.28011 7.28011
1 0 1 1
0 10 3.60555 3.60555
10 5 9.21954 9.21954
5 1 9.84886 9.84886
1 16 9.05539 9.05539
16 13 9.43398 9.43398
Coordinates:
7 10
6 10
1 5
5 9
4 7
2 1
5 8
8 6
0 0
8 4
9 7
8 3
0 8
2 9
3 8
6 0
7 1
4 1
8 7
10 0
