Number of nodes:
20
Number of edges:
32
W:
0
Edges (node i, node j, d_ij, q_ij):
13 18 5.09902 74
18 2 8.06226 29
2 9 6.40312 26
9 3 1.41421 92
3 4 10 11
4 12 5.09902 19
12 10 5 18
10 0 4.12311 37
0 14 4.12311 64
14 17 10 56
17 8 8 91
8 7 7.07107 59
7 6 8.60233 31
6 16 3.16228 5
16 5 1 72
5 15 5.38516 62
15 1 9.21954 34
1 19 8.544 86
19 11 5 90
11 2 4.12311 74
2 15 2 5
15 8 9.48683 52
8 19 11.3137 6
19 10 6.32456 51
10 14 2 69
14 6 7.2111 4
6 15 7.61577 86
15 17 10.2956 7
17 11 6.40312 96
11 13 1.41421 40
13 3 4.24264 50
3 13 4.24264 21
Coordinates:
3 7
4 0
4 9
1 3
9 9
4 4
3 2
10 7
9 0
0 4
7 6
5 5
4 10
4 6
7 8
6 9
4 5
1 0
3 1
1 8
