Number of nodes:
20
Number of edges:
32
W:
89.6725
Edges (node i, node j, d_ij, q_ij):
2 16 5.38516 5.38516
16 13 6.40312 6.40312
13 10 10.7703 10.7703
10 11 3.60555 3.60555
11 3 5.83095 5.83095
3 5 1.41421 1.41421
5 4 5.83095 5.83095
4 9 5.38516 5.38516
9 6 3.60555 3.60555
6 7 6.08276 6.08276
7 19 10.4403 10.4403
19 12 10.8167 10.8167
12 1 3 3
1 14 2.23607 2.23607
14 15 2.23607 2.23607
15 8 5 5
8 17 8.544 8.544
17 18 2.23607 2.23607
18 0 5 5
0 11 8.24621 8.24621
11 16 2.82843 2.82843
16 9 2.23607 2.23607
9 18 10 10
18 1 4.12311 4.12311
1 3 5.65685 5.65685
3 13 3.60555 3.60555
13 7 6.32456 6.32456
7 8 10 10
8 6 4.12311 4.12311
6 17 4.47214 4.47214
17 0 4.47214 4.47214
0 2 9.43398 9.43398
Coordinates:
10 5
9 6
2 0
5 2
7 6
4 1
4 7
10 6
0 6
2 4
4 10
2 7
9 9
8 0
7 7
5 6
4 5
8 9
10 10
0 3
