Number of nodes:
20
Number of edges:
32
W:
850
Edges (node i, node j, d_ij, q_ij):
6 9 10.0499 78
9 11 12.0416 10
11 5 1 88
5 2 9 33
2 7 2.82843 83
7 13 3 22
13 10 4.24264 67
10 14 3.16228 64
14 4 2.82843 61
4 0 5.83095 83
0 1 5 12
1 19 8.94427 86
19 17 8.94427 87
17 3 5.65685 86
3 8 4 31
8 16 4 91
16 18 5 84
18 15 8.94427 15
15 12 8.06226 77
12 14 5 17
14 1 3 21
1 6 10 93
6 15 9.21954 26
15 17 5 29
17 8 4 40
8 15 6.40312 26
15 19 12.0416 91
19 2 9.05539 37
2 17 3.16228 61
17 16 8 19
16 14 4.12311 44
14 6 7.81025 38
Coordinates:
1 4
4 8
9 1
4 0
6 7
9 10
10 0
7 3
4 4
0 1
7 6
8 10
0 8
4 3
4 5
8 9
0 4
8 4
4 1
0 0
