Number of nodes:
20
Number of edges:
32
W:
923.869
Edges (node i, node j, d_ij, q_ij):
3 1 10.2956 10.2956
1 11 8.94427 8.94427
11 6 5 5
6 4 8.544 8.544
4 5 2.23607 2.23607
5 10 4.47214 4.47214
10 8 5.38516 5.38516
8 0 8.544 8.544
0 14 2.82843 2.82843
14 9 7 7
9 18 7.28011 7.28011
18 15 7.81025 7.81025
15 17 3.16228 3.16228
17 16 4.12311 4.12311
16 7 2.82843 2.82843
7 12 4.47214 4.47214
12 13 8.60233 8.60233
13 2 10.2956 10.2956
2 19 1 1
19 1 8 8
1 12 6.08276 6.08276
12 18 3.16228 3.16228
18 16 3.16228 3.16228
16 10 3.16228 3.16228
10 4 2.23607 2.23607
4 0 6.40312 6.40312
0 9 5.38516 5.38516
9 5 2.23607 2.23607
5 14 8.24621 8.24621
14 6 6.32456 6.32456
6 19 8.06226 8.06226
19 3 9.48683 9.48683
Coordinates:
4 1
9 1
1 2
4 10
8 6
10 5
0 9
1 6
1 9
9 3
6 7
5 9
3 2
10 7
2 3
8 10
3 8
7 7
2 5
1 1
