Number of nodes:
20
Number of edges:
32
W:
9310
Edges (node i, node j, d_ij, q_ij):
11 10 5.38516 65
10 7 9.43398 36
7 4 5.83095 49
4 17 3.60555 96
17 12 2.82843 78
12 14 8.48528 14
14 9 2.23607 34
9 15 3.16228 99
15 3 6.7082 50
3 8 4.12311 56
8 5 6.08276 56
5 1 9.43398 94
1 19 9.21954 69
19 16 3.16228 57
16 18 3.16228 61
18 0 9.21954 34
0 2 1 24
2 6 4 87
6 13 5 72
13 14 4.12311 59
14 5 8 78
5 6 8.94427 41
6 3 7.2111 46
3 19 1.41421 82
19 9 8.06226 62
9 12 6.40312 91
12 1 6.08276 24
1 13 1.41421 51
13 10 7.81025 1
10 9 9.21954 55
9 13 2 76
13 11 3.16228 65
Coordinates:
0 9
1 6
1 9
9 3
6 7
9 1
5 9
3 2
10 7
2 3
8 10
3 8
7 7
2 5
1 1
3 0
7 5
9 5
6 2
10 4
