Number of nodes:
10
Number of edges:
30
W:
366.5
Edges (node i, node j, d_ij, q_ij):
4 9 8.06226 8
9 8 10.0499 97
8 7 8.24621 0
7 5 8.24621 92
5 0 1.41421 9
0 2 1.41421 0
2 1 9.48683 0
1 6 8.06226 0
6 3 7 63
8 0 3.16228 0
5 2 2 51
8 5 4 17
7 2 10.198 0
9 1 12.0416 88
7 3 2 41
9 6 8 0
6 5 2.23607 60
2 8 4.47214 0
4 0 1.41421 47
6 4 1 24
2 9 6.08276 39
1 3 1.41421 43
8 1 7.07107 39
4 2 2.82843 0
9 3 10.6301 0
4 1 7.07107 0
6 0 1 0
1 5 7.61577 0
3 5 6.32456 15
7 4 8 0
Coordinates:
9 3
1 1
10 4
2 2
8 2
8 4
9 2
0 2
8 0
9 10
