Number of nodes:
11
Number of edges:
35
W:
266.5
Edges (node i, node j, d_ij, q_ij):
6 0 4 0
0 4 7.2111 0
4 7 1 0
7 1 4 44
1 2 2.23607 0
2 10 7.28011 66
10 5 11.1803 0
5 8 11.1803 53
8 9 5 0
9 3 7.28011 0
2 4 6 0
3 5 9.43398 0
10 9 8.06226 0
8 4 8.06226 0
10 8 10 0
7 3 1.41421 0
8 0 8.06226 0
6 8 5 93
4 10 2.23607 0
8 1 10.2956 0
5 1 6.40312 57
3 0 7.81025 0
1 6 5.38516 0
0 9 3.16228 0
2 9 5.83095 66
2 7 6.08276 0
5 6 7.07107 87
3 8 10.198 0
6 3 6.08276 0
3 1 3.16228 0
4 9 5.83095 0
0 1 5.38516 0
3 10 2 0
2 5 4.24264 0
3 2 5.38516 67
Coordinates:
7 6
5 1
7 2
2 0
1 2
10 5
3 6
1 1
0 10
4 7
0 0
