Number of nodes:
12
Number of edges:
40
W:
62.592
Edges (node i, node j, d_ij, q_ij):
3 4 2.82843 0
4 1 3.60555 0
1 6 2.82843 0
6 7 2.23607 2.23607
7 8 6 6
8 0 1 0
0 5 2.23607 2.23607
5 10 2.82843 0
10 11 2.23607 2.23607
11 9 5 5
9 2 5.09902 5.09902
11 6 2.82843 2.82843
7 1 4.12311 4.12311
4 11 6.7082 0
5 7 7.61577 7.61577
0 1 2.82843 2.82843
6 4 4.12311 0
10 7 5.09902 5.09902
5 8 3.16228 3.16228
11 1 4 4
0 2 3.60555 0
11 0 2.82843 2.82843
6 8 4.12311 4.12311
4 0 6.40312 6.40312
11 2 1 1
4 2 7.61577 0
8 3 7.07107 0
8 1 2.23607 2.23607
9 7 9.48683 9.48683
5 3 8.94427 8.94427
11 3 6.40312 0
3 6 3.60555 0
9 0 3.60555 3.60555
1 2 5 5
5 6 5.38516 5.38516
1 10 2.23607 0
3 9 10.7703 10.7703
0 3 7.28011 7.28011
2 7 5.65685 5.65685
10 9 4.47214 0
Coordinates:
6 7
8 5
3 5
8 0
10 2
4 8
6 3
7 1
7 7
4 10
6 6
4 5
