Number of nodes:
12
Number of edges:
40
W:
586.5
Edges (node i, node j, d_ij, q_ij):
10 5 11.6619 0
5 1 8.06226 94
1 8 8.544 88
8 11 11.4018 82
11 9 8.544 0
9 0 5.38516 42
0 7 3.60555 53
7 3 1 0
3 2 9 0
2 4 8.544 64
4 6 1.41421 0
6 10 1.41421 68
2 0 6.7082 45
1 4 5 16
8 0 6.32456 70
11 7 2.23607 0
1 9 9.89949 45
0 4 2 90
1 0 5.38516 0
1 7 8 0
4 3 3.16228 22
2 10 10.0499 0
10 7 2.23607 10
0 10 4.47214 31
8 2 5 0
5 8 2 0
3 6 2 0
11 5 12.7279 67
5 7 10.6301 32
11 6 4 81
11 3 2 0
2 1 11.3137 72
7 9 7.07107 0
4 8 8.24621 43
1 3 8.06226 0
5 9 6.08276 0
6 7 2.23607 0
11 4 5.09902 58
9 3 8.06226 0
3 8 10.2956 0
Coordinates:
4 5
2 0
10 8
1 8
2 5
10 1
1 6
2 8
10 3
9 7
0 7
1 10
