Number of nodes:
14
Number of edges:
48
W:
67.0395
Edges (node i, node j, d_ij, q_ij):
8 13 8.544 8.544
13 7 9.05539 0
7 4 5 5
4 3 8.48528 8.48528
3 2 2.82843 2.82843
2 11 10.0499 10.0499
11 10 5.38516 0
10 1 4.47214 0
1 0 7.81025 0
0 6 7.2111 0
6 12 9 0
12 9 1 0
9 5 2 2
2 6 3 0
8 11 9.84886 0
3 0 5 5
7 9 10 10
12 11 2.23607 2.23607
4 10 7.61577 7.61577
2 12 9.48683 0
4 9 8.06226 8.06226
12 13 5.38516 5.38516
8 10 7.2111 0
10 5 2.23607 0
7 1 9.21954 0
10 7 7.28011 0
5 12 2.23607 2.23607
13 11 7.2111 7.2111
7 2 5 5
11 1 9.84886 0
9 8 10.6301 0
4 0 3.60555 0
13 6 4.47214 4.47214
10 13 2.23607 2.23607
6 4 10.6301 10.6301
3 5 5.38516 0
5 13 3.16228 0
9 13 5.09902 0
7 5 8.94427 0
4 11 5.38516 5.38516
2 0 6.08276 0
6 1 2.23607 0
6 3 2.23607 2.23607
9 3 7.28011 7.28011
10 3 3.16228 0
3 11 8.06226 8.06226
10 9 4.12311 4.12311
13 0 6.32456 0
Coordinates:
7 4
1 9
6 10
4 8
10 2
2 3
3 10
10 7
9 9
2 1
3 5
5 0
3 1
1 6
