Number of nodes:
10
Number of edges:
30
W:
45.5998
Edges (node i, node j, d_ij, q_ij):
0 1 5.83095 5.83095
1 4 4.12311 4.12311
4 5 5.09902 5.09902
5 2 7.07107 7.07107
2 6 9 9
6 7 8.06226 0
7 8 5 0
8 9 5 0
9 3 1 1
8 6 3.16228 0
4 9 4 0
2 7 1.41421 1.41421
1 6 7.61577 0
2 0 9.43398 9.43398
4 8 3 0
2 4 7.2111 0
8 0 7.07107 0
8 3 5.65685 0
4 7 5.83095 0
5 6 2.23607 0
5 7 6.32456 0
6 9 8.06226 0
7 0 8.06226 8.06226
3 2 5.38516 5.38516
0 5 9.21954 9.21954
1 5 6.40312 6.40312
5 8 2.23607 2.23607
3 6 8.60233 8.60233
2 8 6.08276 6.08276
7 1 2.23607 2.23607
Coordinates:
1 6
6 3
9 1
4 3
5 7
10 8
9 10
8 2
8 7
5 3
