Number of nodes:
30
Number of edges:
232
W:
642.249
Edges (node i, node j, d_ij, q_ij):
0 22 4.12311 4.12311
22 24 6.40312 6.40312
24 5 7.61577 7.61577
5 3 8.544 8.544
3 15 8.06226 8.06226
15 8 6.32456 6.32456
8 27 6 6
27 23 8 8
23 19 5.09902 5.09902
19 11 7.81025 7.81025
11 4 5.65685 5.65685
4 10 5 5
10 14 8.06226 8.06226
14 7 5.65685 5.65685
7 17 8.94427 8.94427
17 25 5.83095 5.83095
25 9 5.09902 5.09902
9 16 2.23607 2.23607
16 12 5 5
12 18 3.60555 3.60555
18 29 7.81025 7.81025
29 28 6.40312 6.40312
28 21 2.23607 2.23607
21 13 9.84886 9.84886
13 1 4.12311 4.12311
1 20 7.61577 7.61577
20 2 5.83095 5.83095
2 6 3 3
6 26 6.40312 6.40312
26 10 7 7
10 23 1.41421 1.41421
23 8 10 10
8 13 10.198 10.198
13 7 4.12311 4.12311
7 23 7.28011 7.28011
23 21 8.06226 8.06226
21 0 3 3
0 20 5.38516 5.38516
20 5 9.21954 9.21954
5 0 4.47214 4.47214
0 23 5.65685 5.65685
23 1 9.21954 9.21954
1 18 3.60555 3.60555
18 10 10 10
10 21 9.43398 9.43398
21 27 4.12311 4.12311
27 9 8.06226 8.06226
9 11 8.24621 8.24621
11 0 5.38516 5.38516
0 3 4.12311 4.12311
3 19 5.38516 5.38516
19 4 2.23607 2.23607
4 18 5 5
18 24 6.32456 6.32456
24 6 1.41421 1.41421
6 29 4.12311 4.12311
29 12 4.24264 4.24264
12 10 6.40312 6.40312
10 0 7.07107 7.07107
0 7 3.60555 3.60555
7 9 2 2
9 14 4.47214 4.47214
14 29 6.32456 6.32456
29 11 6.32456 6.32456
11 14 4 4
14 12 3.16228 3.16228
12 25 2 2
25 29 3.16228 3.16228
29 21 7.61577 7.61577
21 14 1.41421 1.41421
14 3 4.24264 4.24264
3 17 5.09902 5.09902
17 2 6 6
2 27 4.12311 4.12311
27 22 5 5
22 4 6.32456 6.32456
4 24 2.23607 2.23607
24 14 3.60555 3.60555
14 19 5.38516 5.38516
19 9 3.60555 3.60555
9 13 6.08276 6.08276
13 28 7.61577 7.61577
28 23 7.07107 7.07107
23 12 5 5
12 19 2.23607 2.23607
19 5 5.83095 5.83095
5 4 6.40312 6.40312
4 3 3.16228 3.16228
3 9 7.07107 7.07107
9 5 2.23607 2.23607
5 7 4.12311 4.12311
7 3 7.07107 7.07107
3 20 4.47214 4.47214
20 17 3.16228 3.16228
17 22 11.6619 11.6619
22 7 6.32456 6.32456
7 12 3.16228 3.16228
12 0 1 1
0 14 2.23607 2.23607
14 1 7.2111 7.2111
1 7 2 2
7 29 6.32456 6.32456
29 13 7.28011 7.28011
13 16 5.09902 5.09902
16 11 10.4403 10.4403
11 2 2 2
2 25 3.16228 3.16228
25 23 3.60555 3.60555
23 29 1 1
29 8 9.43398 9.43398
8 0 4.47214 4.47214
0 2 5 5
2 7 8.24621 8.24621
7 21 5.83095 5.83095
21 19 6.08276 6.08276
19 26 2.23607 2.23607
26 13 2.23607 2.23607
13 24 8.60233 8.60233
24 26 6.40312 6.40312
26 7 3.16228 3.16228
7 20 5.83095 5.83095
20 6 5 5
6 23 4.47214 4.47214
23 17 2.23607 2.23607
17 14 8.94427 8.94427
14 27 3.60555 3.60555
27 11 2.23607 2.23607
11 5 9 9
5 26 7.28011 7.28011
26 8 9 9
8 19 7.07107 7.07107
19 15 3.16228 3.16228
15 5 4 4
5 2 9.21954 9.21954
2 19 6.7082 6.7082
19 29 4.12311 4.12311
29 26 5.09902 5.09902
26 2 8.60233 8.60233
2 10 5 5
10 25 5 5
25 1 7.07107 7.07107
1 9 2.82843 2.82843
9 18 1 1
18 0 3.16228 3.16228
0 16 5.09902 5.09902
16 14 6.7082 6.7082
14 13 9.43398 9.43398
13 6 8.48528 8.48528
6 9 5 5
9 10 9.43398 9.43398
10 28 8.48528 8.48528
28 25 3.60555 3.60555
25 11 4.24264 4.24264
11 22 6.32456 6.32456
22 29 8.94427 8.94427
29 17 2.82843 2.82843
17 28 9.21954 9.21954
28 20 6.7082 6.7082
20 29 1.41421 1.41421
29 1 8.24621 8.24621
1 17 10.7703 10.7703
17 4 5.65685 5.65685
4 26 4.24264 4.24264
26 23 6.08276 6.08276
23 15 8.24621 8.24621
15 20 6.7082 6.7082
20 12 4.47214 4.47214
12 2 5.09902 5.09902
2 15 9.21954 9.21954
15 12 4.12311 4.12311
12 6 2.23607 2.23607
6 11 3.60555 3.60555
11 23 6.08276 6.08276
23 3 3 3
3 1 9.05539 9.05539
1 5 4.12311 4.12311
5 16 3.16228 3.16228
16 29 8.544 8.544
29 4 2.82843 2.82843
4 16 6.08276 6.08276
16 7 2.23607 2.23607
7 4 4 4
4 23 3.60555 3.60555
23 20 2.23607 2.23607
20 10 3 3
10 19 6.32456 6.32456
19 20 3.60555 3.60555
20 13 6.08276 6.08276
13 5 8 8
5 28 3.16228 3.16228
28 27 5.83095 5.83095
27 20 9.21954 9.21954
20 14 7.07107 7.07107
14 2 4.47214 4.47214
2 29 4.47214 4.47214
29 10 2.23607 2.23607
10 3 4.12311 4.12311
3 26 7.2111 7.2111
26 1 4.24264 4.24264
1 21 7.07107 7.07107
21 20 8.24621 8.24621
20 4 3.16228 3.16228
4 25 1.41421 1.41421
25 26 5.65685 5.65685
26 9 5.09902 5.09902
9 21 4.24264 4.24264
21 17 10.2956 10.2956
17 11 8 8
11 1 10.7703 10.7703
1 8 6.7082 6.7082
8 24 7.07107 7.07107
24 29 3 3
29 27 8.06226 8.06226
27 3 5 5
3 28 5.38516 5.38516
28 8 3.16228 3.16228
8 10 11.4018 11.4018
10 6 5.83095 5.83095
6 8 5.65685 5.65685
8 22 1 1
22 3 7.07107 7.07107
3 18 7.28011 7.28011
18 5 1.41421 1.41421
5 25 6.7082 6.7082
25 19 3.60555 3.60555
19 22 7 7
22 6 5 5
6 28 3.16228 3.16228
28 15 4.24264 4.24264
15 13 4 4
13 27 12.8062 12.8062
27 0 5.65685 5.65685
Coordinates:
6 5
4 0
6 10
5 9
4 6
8 1
6 7
4 2
10 3
6 2
1 10
8 10
5 5
0 1
8 6
4 1
5 0
0 10
7 2
3 4
1 7
9 5
10 4
2 9
5 8
5 7
1 3
10 9
7 4
2 8
