Number of nodes:
30
Number of edges:
232
W:
6599.24
Edges (node i, node j, d_ij, q_ij):
16 13 9.21954 9.21954
13 20 5.83095 5.83095
20 6 6 6
6 26 2 2
26 5 11.6619 11.6619
5 2 7.28011 7.28011
2 25 7 7
25 10 8.544 8.544
10 22 5 5
22 14 9.48683 9.48683
14 23 10.7703 10.7703
23 24 5.38516 5.38516
24 18 2.23607 2.23607
18 4 1 1
4 1 4.12311 4.12311
1 27 5.09902 5.09902
27 28 5.83095 5.83095
28 15 8 8
15 9 2 2
9 8 10.2956 10.2956
8 17 5 5
17 21 3 3
21 12 4 4
12 7 3.60555 3.60555
7 0 5.65685 5.65685
0 29 7.07107 7.07107
29 19 3.60555 3.60555
19 3 5 5
3 11 5 5
11 4 7.81025 7.81025
4 13 10.8167 10.8167
13 22 9.05539 9.05539
22 25 4 4
25 21 5.09902 5.09902
21 3 8.06226 8.06226
3 2 1.41421 1.41421
2 16 4.47214 4.47214
16 20 3.60555 3.60555
20 29 6.08276 6.08276
29 26 2.23607 2.23607
26 28 3.16228 3.16228
28 10 6.08276 6.08276
10 6 3.60555 3.60555
6 7 3.60555 3.60555
7 25 5 5
25 4 1 1
4 14 9.21954 9.21954
14 16 6.7082 6.7082
16 10 10 10
10 15 2.23607 2.23607
15 25 7.07107 7.07107
25 13 10.2956 10.2956
13 19 5.09902 5.09902
19 11 1.41421 1.41421
11 5 8.60233 8.60233
5 20 6.32456 6.32456
20 24 5 5
24 9 7.28011 7.28011
9 16 9.84886 9.84886
16 7 5.09902 5.09902
7 24 4.24264 4.24264
24 3 7.07107 7.07107
3 20 2.23607 2.23607
20 19 4.47214 4.47214
19 6 2.82843 2.82843
6 4 9.21954 9.21954
4 5 1 1
5 28 12.7279 12.7279
28 2 7.28011 7.28011
2 8 2.23607 2.23607
8 26 6.32456 6.32456
26 15 5.09902 5.09902
15 13 8.24621 8.24621
13 0 9.21954 9.21954
0 21 2.23607 2.23607
21 7 3.60555 3.60555
7 8 4.12311 4.12311
8 20 2.82843 2.82843
20 18 7.07107 7.07107
18 19 7.07107 7.07107
19 17 1 1
17 13 5 5
13 12 8.94427 8.94427
12 5 3.16228 3.16228
5 24 2.23607 2.23607
24 0 7.07107 7.07107
0 26 6.08276 6.08276
26 22 7.2111 7.2111
22 6 6.32456 6.32456
6 25 8.48528 8.48528
25 16 3.60555 3.60555
16 6 8.544 8.544
6 13 3.16228 3.16228
13 24 9.43398 9.43398
24 21 5 5
21 27 5.83095 5.83095
27 13 4.24264 4.24264
13 10 6.7082 6.7082
10 12 7.28011 7.28011
12 19 4.24264 4.24264
19 10 4.12311 4.12311
10 1 5.38516 5.38516
1 0 4.12311 4.12311
0 28 9 9
28 1 8.94427 8.94427
1 6 5.83095 5.83095
6 17 2.23607 2.23607
17 18 7.81025 7.81025
18 22 5.09902 5.09902
22 1 1.41421 1.41421
1 13 8.24621 8.24621
13 8 3.16228 3.16228
8 19 4.47214 4.47214
19 5 7.2111 7.2111
5 22 6 6
22 12 3.16228 3.16228
12 17 5 5
17 27 3.60555 3.60555
27 29 4.12311 4.12311
29 1 6.7082 6.7082
1 24 3 3
24 14 8.06226 8.06226
14 27 3.16228 3.16228
27 18 7.61577 7.61577
18 16 4.12311 4.12311
16 28 10.8167 10.8167
28 20 7.61577 7.61577
20 26 8 8
26 21 5.83095 5.83095
21 14 8.94427 8.94427
14 5 9.48683 9.48683
5 25 2 2
25 19 5.65685 5.65685
19 28 5.83095 5.83095
28 14 6 6
14 13 4 4
13 9 10.198 10.198
9 23 2 2
23 4 6.08276 6.08276
4 22 5 5
22 23 1.41421 1.41421
23 12 4.47214 4.47214
12 20 5.09902 5.09902
20 0 9.21954 9.21954
0 9 1 1
9 28 10 10
28 29 2.23607 2.23607
29 6 1 1
6 12 7.07107 7.07107
12 14 8 8
14 8 1.41421 1.41421
8 4 8.544 8.544
4 9 8.06226 8.06226
9 21 2.82843 2.82843
21 19 3.16228 3.16228
19 26 4.47214 4.47214
26 13 4.24264 4.24264
13 3 4.12311 4.12311
3 18 9.21954 9.21954
18 15 8.24621 8.24621
15 0 1 1
0 22 3 3
22 7 4.12311 4.12311
7 5 6.40312 6.40312
5 13 11.4018 11.4018
13 29 2.23607 2.23607
29 3 5.09902 5.09902
3 15 9.21954 9.21954
15 14 10 10
14 11 5.65685 5.65685
11 1 4.47214 4.47214
1 23 2.82843 2.82843
23 26 7.61577 7.61577
26 4 10.8167 10.8167
4 12 2.23607 2.23607
12 27 5.09902 5.09902
27 6 4 4
6 11 1.41421 1.41421
11 28 4.47214 4.47214
28 21 8.24621 8.24621
21 23 2 2
23 28 10.198 10.198
28 22 9.48683 9.48683
22 27 6.32456 6.32456
27 25 6.32456 6.32456
25 3 8.06226 8.06226
3 17 5.65685 5.65685
17 14 6.40312 6.40312
14 10 9.21954 9.21954
10 0 3.16228 3.16228
0 6 6.08276 6.08276
6 5 10 10
5 18 1.41421 1.41421
18 23 6 6
23 11 6 6
11 22 5.09902 5.09902
22 9 3.16228 3.16228
9 5 9.05539 9.05539
5 16 3 3
16 23 8.06226 8.06226
23 0 2.23607 2.23607
0 4 8 8
4 16 3.16228 3.16228
16 8 6.40312 6.40312
8 21 7.61577 7.61577
21 1 2 2
1 9 4.47214 4.47214
9 18 8 8
18 6 9.89949 9.89949
6 2 6.08276 6.08276
2 4 7.07107 7.07107
4 19 6.40312 6.40312
19 1 3.16228 3.16228
1 15 4 4
15 24 7 7
24 26 9.43398 9.43398
26 18 11.4018 11.4018
18 25 1.41421 1.41421
25 24 1 1
24 22 4.12311 4.12311
22 17 4.12311 4.12311
17 2 5.83095 5.83095
2 0 9.89949 9.89949
0 11 5.38516 5.38516
11 16 7.28011 7.28011
16 1 5.38516 5.38516
1 12 2 2
12 8 7.07107 7.07107
8 29 4.12311 4.12311
29 2 6 6
2 18 8.06226 8.06226
18 16 4.12311 4.12311
Coordinates:
1 9
5 8
8 2
7 1
9 9
10 9
2 3
5 5
6 1
1 10
0 6
3 4
7 8
3 0
7 0
1 8
10 6
3 5
9 10
4 5
8 3
3 8
4 9
3 10
8 8
8 9
0 3
6 3
1 0
2 2
