Number of nodes:
30
Number of edges:
232
W:
5900.5
Edges (node i, node j, d_ij, q_ij):
3 26 8.60233 29
26 0 6.40312 83
0 6 3.60555 58
6 13 3.16228 89
13 11 5.83095 77
11 12 7.28011 38
12 2 3.16228 98
2 28 6.32456 21
28 27 7.28011 40
27 14 5.83095 95
14 9 3.60555 6
9 15 5.65685 15
15 22 5 83
22 21 4.12311 83
21 20 2.23607 24
20 4 2.82843 70
4 18 6 37
18 25 8.60233 16
25 1 3.60555 18
1 29 6.7082 85
29 19 1 54
19 17 5.38516 100
17 24 5.83095 25
24 8 1 55
8 7 6.08276 51
7 5 9.84886 37
5 16 11.4018 11
16 10 5.09902 93
10 23 3.16228 43
23 24 10.8167 59
24 7 6.32456 65
7 0 6.08276 24
0 4 5.38516 42
4 19 5 22
19 16 3.16228 12
16 14 3.60555 70
14 26 9.89949 11
26 4 10.198 61
4 12 2.23607 91
12 15 2 3
15 1 5.83095 56
1 6 3 48
6 11 2.82843 17
11 3 4.47214 90
3 27 4.24264 82
27 21 5.38516 40
21 11 6.7082 59
11 20 8.60233 18
20 28 6.08276 7
28 29 1 76
29 10 2.23607 2
10 21 4.24264 12
21 13 8.544 75
13 24 4.47214 79
24 18 10 66
18 28 2.23607 78
28 12 3.16228 67
12 20 3 77
20 16 10.0499 70
16 13 5 62
13 20 10.7703 35
20 25 3.16228 34
25 17 4 37
17 2 5.38516 28
2 10 5.83095 7
10 0 5.09902 100
0 13 6.08276 98
13 19 6.7082 17
19 10 2 61
10 4 3 40
4 3 7.07107 71
3 13 3.16228 68
13 2 10.4403 87
2 4 3.60555 87
4 5 8.06226 9
5 23 7.07107 68
23 18 6.08276 78
18 21 6.7082 67
21 15 1.41421 37
15 8 11.3137 36
8 1 5.83095 94
1 23 6.32456 38
23 13 9.43398 47
13 29 5.83095 20
29 7 4.24264 68
7 25 9.05539 13
25 24 8.60233 97
24 19 10.0499 35
19 26 12.2066 41
26 27 4.47214 18
27 12 6.08276 96
12 1 5.09902 75
1 10 7.07107 51
10 3 5.38516 32
3 7 3.16228 3
7 27 7.2111 9
27 16 9.21954 31
16 23 8 52
23 29 5 26
29 21 5.38516 43
21 14 5 91
14 1 5 48
1 11 2.23607 62
11 18 9.48683 77
18 6 7.07107 35
6 14 4 70
14 3 2 96
3 20 7.61577 64
20 7 10.198 36
7 4 8.94427 32
4 15 2.23607 52
15 23 1.41421 81
23 20 2.23607 21
20 27 7.2111 98
27 9 2.23607 1
9 13 5 89
13 17 5.09902 62
17 29 4.47214 97
29 25 7.2111 75
25 12 3.60555 2
12 8 10 15
8 3 5.38516 70
3 5 6.7082 29
5 9 4.47214 17
9 6 2.23607 53
6 15 7.81025 83
15 16 9.05539 26
16 22 4.12311 83
22 20 6 34
20 17 5.83095 3
17 18 5.83095 78
18 8 10.0499 24
8 29 9.21954 50
29 20 7.07107 91
20 18 8.24621 52
18 13 6.32456 36
13 1 6.08276 61
1 26 5 47
26 7 11.6619 100
7 23 8.544 48
23 2 2.82843 30
2 22 6.08276 3
22 1 5.38516 29
1 3 3.60555 50
3 23 6.40312 100
23 28 4 29
28 25 6.40312 90
25 10 6.40312 14
10 8 10.7703 77
8 6 3.60555 64
6 19 7 67
19 3 5 91
3 21 5.38516 85
21 9 4.24264 95
9 26 6.40312 60
26 12 8.544 37
12 10 2.82843 77
10 22 2.23607 85
22 19 2.23607 72
19 25 7.81025 10
25 4 5.09902 39
4 24 11.6619 1
24 29 9.05539 85
29 11 8.24621 40
11 22 7.07107 91
22 23 4.12311 36
23 21 2 76
21 19 5.83095 51
19 14 3 82
14 5 7.81025 27
5 21 5.09902 51
21 2 2 63
2 14 7 29
14 17 2.82843 79
17 5 5 65
5 24 7.28011 80
24 16 9.21954 59
16 26 13.4536 54
26 24 8 45
24 28 9.21954 35
28 21 4.47214 70
21 0 2.82843 12
0 22 3.60555 78
22 24 8.24621 6
24 6 3.16228 58
6 7 4.24264 37
7 18 4.47214 43
18 29 1.41421 35
29 26 11.4018 73
26 18 12.8062 66
18 5 10.6301 96
5 20 6.08276 11
20 15 1 66
15 7 9.21954 33
7 16 3 50
16 12 7.07107 8
12 18 5.38516 68
18 15 7.28011 77
15 0 4.24264 59
0 8 7.07107 2
8 27 5.38516 3
27 29 7.61577 61
29 15 6.08276 64
15 2 1.41421 83
2 0 4.47214 39
0 12 3.16228 28
12 14 4.12311 15
14 13 4.24264 97
13 27 6.32456 34
27 23 7.28011 59
23 25 4.12311 31
25 0 3 55
0 20 5 70
20 14 7.07107 8
14 23 5.38516 60
23 11 8.544 28
11 24 3.16228 96
24 10 10.4403 2
10 20 5.38516 14
20 24 11.3137 68
24 15 10.6301 19
15 25 3 61
25 22 5.83095 30
22 28 1 36
28 6 6.08276 93
6 20 8.60233 32
20 9 6.40312 44
9 22 4.12311 13
22 14 1.41421 8
14 8 7.28011 54
8 22 8.544 14
22 3 3.16228 63
Coordinates:
5 4
3 4
7 0
5 7
10 2
2 1
3 7
6 10
0 9
4 5
10 5
1 5
8 3
4 10
7 7
8 1
9 10
5 5
10 8
10 7
8 0
7 2
8 6
9 2
0 8
5 1
0 0
2 4
9 6
9 7
