Number of nodes:
30
Number of edges:
232
W:
0
Edges (node i, node j, d_ij, q_ij):
13 12 9.48683 33
12 28 1 23
28 3 10.8167 82
3 8 5.83095 76
8 21 6.32456 51
21 25 8.60233 80
25 1 7.61577 91
1 20 8.60233 55
20 26 9.43398 51
26 23 10.8167 32
23 17 10.0499 14
17 24 9.21954 58
24 7 9.89949 95
7 14 2.23607 82
14 19 5 82
19 10 3 4
10 16 5 21
16 29 9.48683 34
29 11 9 83
11 18 6.7082 82
18 27 2 88
27 4 2 16
4 2 3.16228 97
2 6 5.83095 26
6 0 5.38516 5
0 9 2.82843 23
9 22 1 93
22 5 3.16228 52
5 15 9.43398 98
15 19 4.12311 33
19 6 3.16228 35
6 10 3.60555 82
10 17 6 7
17 21 10.8167 16
21 0 4.12311 58
0 11 5.65685 9
11 13 3.60555 96
13 7 9.05539 100
7 2 7.2111 63
2 16 8.60233 98
16 24 8.24621 84
24 25 5.83095 77
25 2 7.2111 55
2 20 6.32456 78
20 12 10 10
12 9 1 88
9 20 10.0499 33
20 19 4 83
19 9 6.08276 22
9 14 4.47214 67
14 5 7.28011 64
5 11 10.8167 61
11 20 6.40312 83
20 3 6 12
3 27 8.60233 86
27 28 4.12311 87
28 16 9.43398 86
16 4 6.32456 31
4 26 7.81025 91
26 27 6.7082 84
27 6 4.47214 15
6 17 3.60555 77
17 15 4.47214 17
15 18 5.38516 21
18 5 4.24264 93
5 3 14.1421 26
3 13 3.16228 29
13 8 4 40
8 23 7.61577 26
23 9 8.544 91
9 13 9.84886 37
13 18 7.2111 61
18 4 4 19
4 21 4.47214 44
21 9 3.60555 38
9 8 6.40312 29
8 28 5 83
28 5 4.12311 22
5 24 7.07107 11
24 23 1.41421 56
23 7 11.3137 89
7 1 3.16228 26
1 3 7.07107 16
3 18 9.89949 71
18 10 6.08276 38
10 7 9.84886 54
7 19 7.2111 9
19 29 4 23
29 13 7.61577 84
13 22 8.94427 51
22 4 6 58
4 13 4.47214 98
13 21 8.48528 28
21 22 2.82843 27
22 12 1.41421 70
12 2 4.47214 72
2 1 7.07107 52
1 17 6.08276 50
17 11 3.16228 11
11 4 6.08276 29
4 7 8.60233 40
7 21 7.61577 99
21 1 8 89
1 24 8.94427 11
24 20 4.24264 94
20 8 5.83095 78
8 5 8.60233 91
5 1 9.48683 77
1 16 6 100
16 22 10 53
22 26 6.08276 32
26 8 3.60555 88
8 10 5 78
10 21 6.7082 100
21 12 4.24264 58
12 27 5.09902 67
27 25 5.83095 53
25 26 8.544 18
26 24 9.43398 42
24 6 6 36
6 3 4.24264 69
3 17 1 99
17 19 6.7082 85
19 27 1.41421 96
27 9 5 77
9 17 11.4018 6
17 26 7.07107 67
26 10 8.60233 29
10 5 9.84886 55
5 9 3 29
9 1 6.7082 9
1 15 2.23607 94
15 24 7.28011 79
24 19 3.16228 98
19 28 5 56
28 15 5.65685 73
15 22 6.40312 75
22 2 3.16228 46
2 17 9.43398 1
17 20 6.08276 26
20 14 8.544 98
14 16 7.28011 84
16 13 2 13
13 6 2 28
6 23 7.07107 83
23 14 9.21954 22
14 3 8.544 94
3 29 10.7703 35
29 17 10.4403 40
17 12 10.8167 35
12 5 4 22
5 20 10.7703 60
20 7 10.7703 86
7 8 5.09902 58
8 15 1 55
15 20 6.40312 62
20 18 7.07107 63
18 7 5.83095 73
7 6 7.07107 42
6 5 9.89949 17
5 0 5.38516 53
0 24 6.40312 51
24 11 8.06226 63
11 21 8.544 83
21 3 11.4018 100
3 15 5.38516 18
15 10 5.65685 55
10 23 4.12311 74
23 15 8.544 16
15 26 3.16228 7
26 29 9.84886 52
29 20 5.65685 65
20 13 3.16228 91
13 27 5.65685 64
27 21 2.82843 92
21 26 8.06226 73
26 5 9.21954 38
5 21 3.16228 38
21 2 1.41421 60
2 19 2.82843 29
19 21 4.24264 72
21 20 7.61577 81
20 22 9.05539 88
22 17 10.6301 57
17 28 10 91
28 10 8 42
10 0 7.07107 71
0 13 7.28011 53
13 14 7 66
14 12 3.60555 12
12 15 6.40312 70
15 4 5.38516 18
4 3 7.61577 62
3 19 7.2111 84
19 12 6 52
12 3 11.6619 13
3 11 4.12311 1
11 28 7.07107 7
28 13 8.544 39
13 24 6.32456 68
24 21 4 65
21 15 7.28011 90
15 27 5 33
27 1 6.32456 55
1 26 1 5
26 9 6.32456 76
9 28 1.41421 80
28 23 8.06226 42
23 18 5.83095 13
18 26 6.08276 39
26 7 2.23607 70
7 0 3.60555 37
0 18 2.23607 71
18 24 4.47214 57
24 28 6.7082 45
28 21 3.60555 61
21 6 7.2111 50
6 18 5.65685 15
18 12 3.16228 66
12 11 7.81025 15
11 9 8.48528 27
9 29 6.7082 87
29 0 6.40312 84
0 16 8.06226 40
16 19 5.83095 70
19 0 4.12311 36
0 28 1.41421 53
28 29 6.40312 22
29 4 3.16228 94
4 6 4 91
6 11 2.23607 90
11 13 3.60555 10
Coordinates:
2 5
3 1
4 8
10 0
7 7
0 10
7 3
0 2
5 3
0 7
9 6
6 1
0 6
9 3
2 3
5 2
9 1
9 0
3 7
6 6
10 6
3 9
1 7
8 10
7 9
10 4
2 1
5 7
1 6
6 10
