Number of nodes:
30
Number of edges:
232
W:
0
Edges (node i, node j, d_ij, q_ij):
11 5 7.61577 7.61577
5 16 4.47214 4.47214
16 22 8.48528 8.48528
22 13 4.12311 4.12311
13 17 7.07107 7.07107
17 1 7.07107 7.07107
1 2 5.38516 5.38516
2 3 2.23607 2.23607
3 7 7.28011 7.28011
7 14 7.2111 7.2111
14 23 5.65685 5.65685
23 0 4.12311 4.12311
0 8 3 3
8 21 10.2956 10.2956
21 20 9.48683 9.48683
20 15 4.24264 4.24264
15 18 3.16228 3.16228
18 29 5.83095 5.83095
29 25 2.23607 2.23607
25 19 8 8
19 6 7.61577 7.61577
6 4 2.82843 2.82843
4 27 6.32456 6.32456
27 9 7.61577 7.61577
9 12 6.32456 6.32456
12 28 2 2
28 26 2.23607 2.23607
26 10 5 5
10 24 2.82843 2.82843
24 19 7.2111 7.2111
19 22 2.23607 2.23607
22 6 6.08276 6.08276
6 24 4.24264 4.24264
24 29 5 5
29 15 7.2111 7.2111
15 10 1 1
10 14 7.28011 7.28011
14 28 6.08276 6.08276
28 17 5.83095 5.83095
17 21 8.544 8.544
21 2 4.24264 4.24264
2 27 5 5
27 12 1.41421 1.41421
12 22 3 3
22 26 4.47214 4.47214
26 1 3 3
1 20 8.06226 8.06226
20 26 5.09902 5.09902
26 15 4.47214 4.47214
15 4 9.21954 9.21954
4 29 2.23607 2.23607
29 10 7.81025 7.81025
10 9 11.3137 11.3137
9 21 2.23607 2.23607
21 7 4.24264 4.24264
7 27 3.60555 3.60555
27 11 7 7
11 21 1.41421 1.41421
21 5 7.2111 7.2111
5 9 9.21954 9.21954
9 7 6.40312 6.40312
7 16 3.16228 3.16228
16 17 6.7082 6.7082
17 3 7.61577 7.61577
3 6 5.83095 5.83095
6 5 5 5
5 23 1.41421 1.41421
23 29 4.24264 4.24264
29 14 7.07107 7.07107
14 21 9.05539 9.05539
21 29 2 2
29 3 5 5
3 0 7.2111 7.2111
0 18 2.23607 2.23607
18 28 5 5
28 5 5 5
5 10 2.23607 2.23607
10 6 7.07107 7.07107
6 23 3.60555 3.60555
23 8 4.47214 4.47214
8 25 10.6301 10.6301
25 26 5 5
26 21 4.47214 4.47214
21 1 2.23607 2.23607
1 5 5.38516 5.38516
5 29 5.65685 5.65685
29 28 1 1
28 8 7.81025 7.81025
8 1 8.544 8.544
1 13 10 10
13 10 10.198 10.198
10 4 9.89949 9.89949
4 24 7.07107 7.07107
24 17 3.16228 3.16228
17 26 4.12311 4.12311
26 3 6.08276 6.08276
3 21 6.40312 6.40312
21 25 2.23607 2.23607
25 9 2 2
9 16 8.544 8.544
16 11 5.83095 5.83095
11 17 9.21954 9.21954
17 5 2.23607 2.23607
5 24 1 1
24 1 4.47214 4.47214
1 25 4 4
25 7 5.38516 5.38516
7 15 4.24264 4.24264
15 13 10.4403 10.4403
13 8 9 9
8 3 9.84886 9.84886
3 18 7.28011 7.28011
18 9 9.43398 9.43398
9 26 6.40312 6.40312
26 4 5 5
4 13 9.48683 9.48683
13 23 8.06226 8.06226
23 26 1.41421 1.41421
26 18 3.16228 3.16228
18 27 2.23607 2.23607
27 17 2.82843 2.82843
17 6 6.32456 6.32456
6 14 7.28011 7.28011
14 3 5 5
3 23 7 7
23 20 4 4
20 29 7.61577 7.61577
29 22 6 6
22 5 4.47214 4.47214
5 4 7.81025 7.81025
4 0 9.48683 9.48683
0 5 3.60555 3.60555
5 14 5.83095 5.83095
14 16 9.89949 9.89949
16 2 9.05539 9.05539
2 12 3.60555 3.60555
12 14 4.12311 4.12311
14 27 3.60555 3.60555
27 15 5 5
15 8 3.16228 3.16228
8 11 10.7703 10.7703
11 2 5.65685 5.65685
2 18 7.2111 7.2111
18 16 5.83095 5.83095
16 8 7.07107 7.07107
8 10 2.23607 2.23607
10 22 6.08276 6.08276
22 11 9.05539 9.05539
11 10 9.43398 9.43398
10 1 7.2111 7.2111
1 0 8 8
0 28 6.32456 6.32456
28 4 3.16228 3.16228
4 12 5.09902 5.09902
12 5 4.12311 4.12311
5 8 3.16228 3.16228
8 12 6.40312 6.40312
12 0 4.47214 4.47214
0 6 7.07107 7.07107
6 2 4.12311 4.12311
2 29 3.16228 3.16228
29 9 3.60555 3.60555
9 8 12.2066 12.2066
8 14 6 6
14 19 1 1
19 11 10.4403 10.4403
11 29 3.16228 3.16228
29 16 6 6
16 3 10.4403 10.4403
3 13 4 4
13 18 7.28011 7.28011
18 20 2 2
20 25 9.43398 9.43398
25 14 8.06226 8.06226
14 0 3 3
0 10 4.47214 4.47214
10 12 6.32456 6.32456
12 6 3.16228 3.16228
6 7 2.23607 2.23607
7 19 7.81025 7.81025
19 18 5.38516 5.38516
18 17 1 1
17 2 7.81025 7.81025
2 28 3 3
28 22 5 5
22 9 9.21954 9.21954
9 20 11.1803 11.1803
20 12 5 5
12 17 4.24264 4.24264
17 25 8.60233 8.60233
25 5 7.81025 7.81025
5 18 1.41421 1.41421
18 24 2.23607 2.23607
24 28 4.47214 4.47214
28 1 2.82843 2.82843
1 14 8.544 8.544
14 22 1.41421 1.41421
22 2 5.83095 5.83095
2 20 8.48528 8.48528
20 19 5 5
19 10 8.24621 8.24621
10 2 9.84886 9.84886
2 8 10 10
8 20 2 2
20 24 4.12311 4.12311
24 21 6.40312 6.40312
21 16 6.32456 6.32456
16 12 6.7082 6.7082
12 25 4.47214 4.47214
25 4 1.41421 1.41421
4 3 5.83095 5.83095
3 25 4.47214 4.47214
25 10 10 10
10 7 5 5
7 13 9.21954 9.21954
13 14 3 3
14 9 10.0499 10.0499
9 4 1.41421 1.41421
4 22 8.06226 8.06226
22 1 7.28011 7.28011
1 12 4.47214 4.47214
12 18 3.60555 3.60555
18 22 3.16228 3.16228
22 8 5.09902 5.09902
8 24 4.12311 4.12311
24 7 2.23607 2.23607
7 8 6.32456 6.32456
8 6 8.06226 8.06226
6 18 5.38516 5.38516
18 10 3 3
10 3 10.198 10.198
3 11 7.81025 7.81025
Coordinates:
6 10
6 2
1 4
0 6
3 1
8 7
5 3
7 4
9 10
2 0
10 8
5 0
4 6
0 10
3 10
10 7
10 3
7 9
7 8
2 10
7 10
4 1
4 9
7 6
8 6
2 2
6 5
5 7
4 4
4 3
