Number of nodes:
30
Number of edges:
232
W:
59215
Edges (node i, node j, d_ij, q_ij):
4 8 3 18
8 21 6.08276 35
21 29 4.24264 100
29 6 4.47214 41
6 23 6.32456 71
23 13 5 73
13 2 1 28
2 25 4.24264 52
25 1 6.08276 97
1 16 1.41421 83
16 0 5.09902 11
0 17 7.07107 95
17 5 7.2111 99
5 22 4.47214 93
22 20 5.38516 83
20 11 4.12311 54
11 24 2.23607 54
24 19 3.16228 3
19 18 2 48
18 27 1.41421 53
27 14 8.24621 55
14 12 8.60233 56
12 10 4.47214 15
10 26 2.23607 92
26 9 5.65685 87
9 7 7.07107 39
7 3 5 61
3 15 3.60555 45
15 28 9.05539 29
28 16 4.47214 89
16 4 4.12311 84
4 29 6.32456 46
29 2 4.47214 23
2 22 3 35
22 24 2.23607 38
24 6 6 45
6 0 9.43398 8
0 2 9.21954 66
2 23 4 97
23 19 1.41421 56
19 8 2.23607 48
8 16 1.41421 7
16 26 3.16228 50
26 29 6.7082 98
29 27 5.65685 51
27 12 3.16228 84
12 6 7.07107 3
6 28 9.84886 4
28 18 5.38516 39
18 8 1 51
8 11 2 56
11 6 4.12311 93
6 8 6.08276 6
8 0 6.32456 22
0 14 12.0416 36
14 8 6.7082 92
8 22 1.41421 12
22 29 4.12311 96
29 14 7.2111 89
14 15 8.06226 40
15 5 8.60233 84
5 14 6.7082 24
14 17 9.21954 37
17 20 7.81025 58
20 25 8.24621 59
25 17 5 27
17 6 9.21954 3
6 4 7.2111 66
4 13 5.38516 92
13 5 4.47214 51
5 23 5 21
23 17 3 91
17 3 4.12311 9
3 22 1 23
22 28 7.2111 89
28 23 6.7082 59
23 0 7.28011 58
0 26 6.32456 91
26 6 10.0499 62
6 9 7.81025 96
9 27 3.60555 41
27 21 7.07107 69
21 9 10.0499 41
9 23 3 98
23 27 2 42
27 1 3.60555 76
1 22 3.16228 42
22 15 4.24264 54
15 7 7.61577 24
7 0 4.24264 30
0 22 7.61577 45
22 16 2.82843 59
16 20 5 53
20 3 6.32456 34
3 27 3.16228 17
27 8 2.23607 11
8 24 1 60
24 7 2.23607 71
7 26 5.83095 28
26 28 5.09902 51
28 29 5.38516 73
29 16 3.60555 1
16 13 6.32456 41
13 29 5 81
29 9 7.28011 75
9 25 1 81
25 6 7.07107 39
6 10 9.48683 32
10 5 7.81025 72
5 7 2 100
7 6 5.38516 80
6 3 5.83095 64
3 14 5.09902 20
14 6 4 20
6 13 2.23607 62
13 7 5.65685 13
7 4 6.08276 47
4 14 6 55
14 22 5.38516 18
22 19 2.23607 70
19 13 6.08276 84
13 8 5.09902 63
8 2 4.12311 29
2 4 4.47214 88
4 25 1.41421 96
25 23 3.16228 97
23 12 3.16228 51
12 2 5.83095 55
2 17 7 67
17 24 3.60555 30
24 16 1 57
16 6 7 39
6 1 6.08276 30
1 0 4.47214 97
0 12 4.12311 19
12 22 3.60555 56
22 17 4 30
17 21 7.28011 9
21 10 8.24621 88
10 7 6.40312 1
7 22 4 8
22 13 4 19
13 11 3.16228 16
11 10 5.38516 79
10 14 9.05539 38
14 18 7.61577 29
18 0 6.08276 91
0 21 1 36
21 18 6 83
18 7 3.60555 9
7 23 4.12311 6
23 24 2 18
24 4 4 23
4 22 2.23607 86
22 26 5.09902 58
26 4 5 70
4 9 1 82
9 8 4 8
8 15 4.47214 24
15 27 3 100
27 17 1 37
17 4 3.60555 80
4 0 9.21954 90
0 15 10 19
15 6 9.43398 28
6 22 5.38516 8
22 23 1 74
23 14 6.32456 57
14 1 7.81025 16
1 10 5 13
10 27 1.41421 9
27 2 6 75
2 24 4.47214 31
24 29 2.82843 77
29 3 5.09902 5
3 26 5.38516 20
26 27 2.23607 57
27 4 2.82843 47
4 19 1.41421 56
19 26 3.60555 40
26 5 7.61577 7
5 11 3.16228 13
11 7 3.16228 9
7 8 3.16228 29
8 25 4.12311 98
25 13 5 66
13 9 5.83095 98
9 14 6.08276 31
14 2 2.82843 73
2 20 5.09902 73
20 27 7.07107 30
27 6 8.24621 62
6 21 8.60233 4
21 2 8.60233 19
2 18 5.09902 32
18 17 2.23607 84
17 29 6.40312 78
29 0 5 57
0 27 7 92
27 28 6.08276 45
28 12 3.60555 70
12 7 2.23607 53
7 16 2.82843 71
16 21 5 52
21 22 7.28011 29
22 18 2.23607 27
18 1 2.23607 24
1 20 3.60555 85
20 10 8.48528 73
10 19 2 31
19 20 7.2111 76
20 7 2.23607 80
7 29 1 95
29 19 5.83095 85
19 16 3 60
16 17 2.82843 92
17 28 6 50
28 10 7 10
10 3 4 74
3 25 2 75
25 29 7.07107 82
29 8 3.60555 3
8 3 2.23607 36
3 21 8.24621 38
21 5 5 73
5 16 4.47214 67
16 11 3.16228 21
11 17 5.09902 2
17 8 3.16228 75
8 28 5.83095 12
28 7 4.47214 46
7 4 6.08276 44
Coordinates:
2 0
4 4
8 7
5 8
4 9
7 3
10 5
5 3
4 6
4 10
1 8
6 6
3 4
9 7
10 9
2 10
3 5
1 7
3 6
3 8
7 2
3 0
5 7
4 7
4 5
5 10
0 6
2 7
1 1
6 3
