Number of nodes:
20
Number of edges:
75
W:
1917
Edges (node i, node j, d_ij, q_ij):
4 6 3.16228 6
6 0 1.41421 35
0 19 9.21954 92
19 17 4 76
17 9 11.6619 56
9 8 8.06226 15
8 2 5.65685 90
2 11 5 69
11 10 9.89949 94
10 16 7.2111 19
16 13 7 6
13 14 3.60555 83
14 15 3.60555 23
15 18 1 83
18 5 6.08276 18
5 7 8 31
7 3 10 94
3 12 6.08276 75
12 1 8.544 27
1 6 8.60233 94
6 9 2.23607 87
9 5 7.81025 54
5 19 5 44
19 18 5.83095 75
18 3 7.81025 15
3 13 4 14
13 18 6.08276 80
18 17 8.60233 78
17 3 10.0499 63
3 14 7.28011 76
14 11 6 89
11 9 7.61577 20
9 0 1 11
0 18 4.12311 33
18 8 3.60555 95
8 14 7 18
14 17 4.24264 47
17 1 10.0499 36
1 13 10.2956 38
13 10 4.12311 92
10 19 10.198 54
19 9 10.198 44
9 3 5 74
3 2 5.83095 29
2 14 5 26
14 7 6.08276 92
7 11 1 11
11 12 6.32456 19
12 17 11.4018 18
17 15 7.81025 37
15 1 5.65685 64
1 14 7.28011 56
14 0 6.7082 91
0 10 4.12311 59
10 18 7.07107 31
18 1 5 5
1 16 5.38516 72
16 2 2.23607 62
2 19 7.28011 34
19 16 7.2111 86
16 4 6.08276 90
4 18 5.38516 74
18 2 2.23607 5
2 12 2.23607 52
12 19 9.48683 6
19 4 7.28011 51
4 3 3.16228 69
3 19 10.4403 4
19 11 5.83095 86
11 16 3.16228 7
16 0 3.60555 96
0 5 7.07107 40
5 3 6 50
3 11 10.6301 21
11 4 8.06226 68
Coordinates:
4 9
0 1
4 7
9 10
8 7
9 4
5 8
1 4
0 3
4 10
8 10
1 3
3 9
9 6
7 3
4 5
2 6
10 0
3 5
6 0
