Number of nodes:
20
Number of edges:
75
W:
213.064
Edges (node i, node j, d_ij, q_ij):
5 13 7.07107 7.07107
13 0 1.41421 1.41421
0 19 4 4
19 1 6.40312 6.40312
1 4 3.16228 3.16228
4 6 5.09902 5.09902
6 9 8.544 8.544
9 15 3 3
15 16 6 6
16 18 5.38516 5.38516
18 14 5 5
14 10 6.40312 6.40312
10 8 3.60555 3.60555
8 7 2 2
7 11 2.23607 2.23607
11 17 5.38516 5.38516
17 12 3.16228 3.16228
12 2 10 10
2 3 1 1
3 13 9.89949 9.89949
13 17 3.60555 3.60555
17 6 10 10
6 5 4.12311 4.12311
5 12 8.06226 8.06226
12 16 2 2
16 8 4.24264 4.24264
8 17 4.47214 4.47214
17 9 10.6301 10.6301
9 16 6.7082 6.7082
16 0 1 1
0 14 2.23607 2.23607
14 1 3.16228 3.16228
1 0 5 5
0 4 5 5
4 8 1.41421 1.41421
8 2 8.60233 8.60233
2 14 7.2111 7.2111
14 17 5.83095 5.83095
17 19 1 1
19 3 12.8062 12.8062
3 8 9.43398 9.43398
8 0 3.60555 3.60555
0 7 3 3
7 18 6.08276 6.08276
18 19 10.198 10.198
19 11 4.47214 4.47214
11 15 3.60555 3.60555
15 14 4 4
14 19 5.38516 5.38516
19 12 3 3
12 15 6.32456 6.32456
15 7 3.16228 3.16228
7 4 3.16228 3.16228
4 9 7.28011 7.28011
9 5 4.47214 4.47214
5 3 6 6
3 15 5.38516 5.38516
15 17 8.60233 8.60233
17 0 4.12311 4.12311
0 18 6.32456 6.32456
18 11 8.24621 8.24621
11 9 6.32456 6.32456
9 7 5 5
7 12 3.16228 3.16228
12 3 10.6301 10.6301
3 4 9.84886 9.84886
4 10 2.23607 2.23607
10 2 9.21954 9.21954
2 0 9.43398 9.43398
0 9 7.2111 7.2111
9 12 7.81025 7.81025
12 1 5.09902 5.09902
1 2 5.83095 5.83095
2 17 12.7279 12.7279
17 5 9.84886 9.84886
Coordinates:
9 6
4 6
1 1
1 0
5 9
1 6
0 10
6 6
6 8
3 2
3 10
5 8
9 7
8 7
7 5
3 5
9 5
10 10
7 0
9 10
