Number of nodes:
20
Number of edges:
75
W:
2455.88
Edges (node i, node j, d_ij, q_ij):
18 13 4.24264 4.24264
13 10 9.89949 9.89949
10 7 1 1
7 6 10.0499 10.0499
6 9 8.544 8.544
9 8 6.32456 6.32456
8 16 7.81025 7.81025
16 2 10.2956 10.2956
2 1 6.7082 6.7082
1 3 6.40312 6.40312
3 11 4.47214 4.47214
11 15 1.41421 1.41421
15 5 5.65685 5.65685
5 17 9.84886 9.84886
17 19 10 10
19 0 5.09902 5.09902
0 14 4.47214 4.47214
14 4 1.41421 1.41421
4 12 5 5
12 18 7.2111 7.2111
18 1 3.60555 3.60555
1 13 7.81025 7.81025
13 7 9.21954 9.21954
7 19 10.7703 10.7703
19 8 8.48528 8.48528
8 6 6.7082 6.7082
6 17 10.4403 10.4403
17 0 10.2956 10.2956
0 4 5.09902 5.09902
4 8 2 2
8 14 3.16228 3.16228
14 18 4.12311 4.12311
18 11 5.83095 5.83095
11 16 3.16228 3.16228
16 18 8.48528 8.48528
18 15 4.47214 4.47214
15 12 4 4
12 11 3.16228 3.16228
11 9 8.06226 8.06226
9 19 8 8
19 6 3 3
6 10 10 10
10 16 10.198 10.198
16 4 6.7082 6.7082
4 9 4.47214 4.47214
9 0 8.60233 8.60233
0 18 5.38516 5.38516
18 9 7.28011 7.28011
9 13 11.1803 11.1803
13 14 7.28011 7.28011
14 9 4.24264 4.24264
9 7 4.47214 4.47214
7 3 8.06226 8.06226
3 12 7.07107 7.07107
12 2 9.48683 9.48683
2 15 5.83095 5.83095
15 10 8.24621 8.24621
10 19 10.4403 10.4403
19 14 5.83095 5.83095
14 10 5 5
10 11 9.05539 9.05539
11 13 6.32456 6.32456
13 17 12.2066 12.2066
17 14 5.83095 5.83095
14 1 3.16228 3.16228
1 0 7.07107 7.07107
0 13 5.38516 5.38516
13 2 2 2
2 7 7.81025 7.81025
7 15 8.06226 8.06226
15 16 4.47214 4.47214
16 5 10 10
5 4 5 5
4 2 6.08276 6.08276
2 18 3.16228 3.16228
Coordinates:
5 9
6 2
0 5
2 7
6 4
1 4
7 10
6 0
4 4
10 2
7 0
6 9
9 8
0 7
7 5
5 8
9 10
10 0
3 4
10 10
