Number of nodes:
20
Number of edges:
75
W:
0
Edges (node i, node j, d_ij, q_ij):
0 3 7.2111 7.2111
3 14 5 5
14 19 1 1
19 7 7.81025 7.81025
7 17 5 5
17 11 9.21954 9.21954
11 4 2.23607 2.23607
4 15 9.21954 9.21954
15 10 1 1
10 5 2.23607 2.23607
5 12 4.12311 4.12311
12 18 3.60555 3.60555
18 8 2.82843 2.82843
8 16 7.07107 7.07107
16 9 8.544 8.544
9 6 4.24264 4.24264
6 1 1.41421 1.41421
1 13 10 10
13 2 6.08276 6.08276
2 5 7.61577 7.61577
5 4 7.81025 7.81025
4 7 5 5
7 16 3.16228 3.16228
16 5 4.47214 4.47214
5 6 5 5
6 13 8.60233 8.60233
13 17 7.07107 7.07107
17 4 8.94427 8.94427
4 2 3.60555 3.60555
2 14 6.32456 6.32456
14 7 7.2111 7.2111
7 3 7.28011 7.28011
3 10 10.198 10.198
10 7 5 5
7 8 6.32456 6.32456
8 4 10.8167 10.8167
4 3 5.83095 5.83095
3 11 7.81025 7.81025
11 14 10.198 10.198
14 12 4.12311 4.12311
12 0 4.47214 4.47214
0 16 8.06226 8.06226
16 19 10.6301 10.6301
19 12 4.47214 4.47214
12 6 3.16228 3.16228
6 14 7.28011 7.28011
14 15 7.61577 7.61577
15 18 3.16228 3.16228
18 7 4 4
7 1 2.23607 2.23607
1 17 7.07107 7.07107
17 2 7.81025 7.81025
2 12 3.60555 3.60555
12 16 6.7082 6.7082
16 1 4.12311 4.12311
1 0 8 8
0 6 7.07107 7.07107
6 4 2.82843 2.82843
4 19 9.05539 9.05539
19 0 4 4
0 9 10.7703 10.7703
9 11 3 3
11 1 2.23607 2.23607
1 15 6.40312 6.40312
15 9 10.6301 10.6301
9 7 6.40312 6.40312
7 13 9.21954 9.21954
13 5 8.544 8.544
5 3 8.06226 8.06226
3 19 4.47214 4.47214
19 8 7 7
8 11 10.7703 10.7703
11 12 6.08276 6.08276
12 9 6.32456 6.32456
9 0 10.7703 10.7703
Coordinates:
6 10
6 2
1 4
0 6
3 1
8 7
5 3
7 4
9 10
2 0
10 8
5 0
4 6
0 10
3 10
10 7
10 3
7 9
7 8
2 10
