Number of nodes:
20
Number of edges:
75
W:
20385
Edges (node i, node j, d_ij, q_ij):
3 9 2.23607 52
9 19 6.40312 65
19 0 2.82843 91
0 18 5.38516 64
18 13 2 92
13 17 1 73
17 8 8.24621 38
8 4 10.0499 38
4 10 5 60
10 14 2 29
14 15 9.48683 72
15 16 3 81
16 2 5.83095 88
2 11 7.61577 57
11 1 2 91
1 6 6.32456 42
6 5 2.23607 71
5 12 8.06226 53
12 7 5.83095 66
7 3 5.38516 12
3 10 6 70
10 17 5.09902 18
17 7 6.08276 62
7 6 10 84
6 9 4.47214 52
9 11 2.82843 13
11 10 6.08276 1
10 8 7.61577 7
8 19 2 39
19 18 8.06226 68
18 8 9.84886 65
8 13 9.21954 90
13 10 5.38516 33
10 16 6.08276 55
16 19 5 5
19 12 5.38516 76
12 11 5.09902 80
11 7 6.32456 42
7 19 1 13
19 17 6.32456 39
17 6 5.38516 70
6 12 9.48683 37
12 17 4.12311 71
17 1 1 57
1 15 5.38516 45
15 8 8.48528 61
8 16 6.7082 50
16 5 3.60555 15
5 8 10 66
8 14 9.48683 15
14 13 5 27
13 15 5 87
15 12 8.06226 84
12 14 2.23607 40
14 5 9.05539 70
5 0 5.65685 36
0 17 4 53
17 3 1.41421 22
3 12 5 94
12 2 6.32456 91
2 1 7.07107 90
1 13 1.41421 10
13 19 7.28011 32
19 14 7.61577 74
14 1 4.12311 65
1 19 6.08276 36
19 5 8.48528 49
5 17 4 96
17 14 5.09902 78
14 2 8.544 14
2 10 6.7082 34
10 19 5.83095 99
19 15 7.2111 50
15 6 4.12311 56
6 3 5 56
Coordinates:
5 4
6 8
7 1
4 7
6 10
1 8
0 10
6 2
7 0
2 6
10 7
4 8
9 7
5 9
10 9
1 6
4 6
5 8
3 9
7 2
