Number of nodes:
20
Number of edges:
75
W:
0
Edges (node i, node j, d_ij, q_ij):
14 1 3.16228 14
1 18 8.24621 69
18 5 8.06226 91
5 6 5 96
6 17 8.24621 27
17 3 5.09902 67
3 13 8.24621 85
13 12 8.06226 41
12 7 5.38516 91
7 15 8.94427 85
15 11 2.23607 77
11 4 7.61577 43
4 8 4.12311 37
8 16 2.23607 8
16 9 9.05539 46
9 10 3.60555 57
10 0 8.60233 80
0 19 8.06226 19
19 2 1 88
2 6 6.32456 13
6 0 5.83095 49
0 4 3 73
4 18 6.08276 60
18 8 8.60233 10
8 9 8.06226 37
9 17 7.28011 11
17 16 3.60555 43
16 4 2.82843 88
4 3 6.40312 7
3 10 1.41421 2
10 19 1 14
19 12 2 73
12 5 5.65685 22
5 4 2 56
4 10 6.40312 20
10 5 7.81025 100
5 19 7.2111 22
19 14 5 5
14 6 3.16228 40
6 9 7.81025 12
9 2 3 41
2 4 5 68
4 17 5 6
17 7 4.24264 29
7 4 3.60555 28
4 19 5.65685 51
19 3 1 85
3 6 7.61577 59
6 8 7.61577 21
8 0 4.47214 25
0 2 7.61577 23
2 11 6.7082 70
11 10 8.544 97
10 1 7.2111 82
1 5 1 31
5 0 1 85
0 16 2.23607 93
16 6 6.40312 73
6 18 4.47214 73
18 17 8.48528 51
17 2 4.47214 26
2 16 6.08276 86
16 12 4.47214 23
12 10 2.23607 100
10 8 5.09902 41
8 11 10.6301 43
11 13 4.12311 99
13 1 7.07107 14
1 0 1.41421 99
0 3 8.94427 91
3 1 7.61577 25
1 19 6.7082 91
19 16 6.32456 10
16 13 7.81025 82
13 14 4.47214 20
Coordinates:
10 4
9 5
3 7
2 8
7 4
9 4
5 1
10 6
8 8
0 7
3 9
0 1
5 8
4 0
6 4
2 2
9 6
7 9
1 3
3 8
