Number of nodes:
14
Number of edges:
32
W:
338.5
Edges (node i, node j, d_ij, q_ij):
6 10 9 0
10 3 6.40312 83
3 4 4.12311 0
4 2 8.06226 0
2 0 9.21954 16
0 9 6.40312 97
9 7 2.23607 0
7 8 9.21954 5
8 12 9.05539 0
12 1 4.47214 0
1 13 3 52
13 11 5.38516 0
11 5 5 0
5 7 8.48528 0
13 8 8.544 0
4 0 5.09902 0
4 13 6.32456 16
9 4 5 0
0 11 5 9
9 10 7.81025 96
2 1 5.09902 0
10 0 10.198 0
5 8 1 0
9 11 4 0
7 11 3.60555 77
11 12 7.2111 55
12 13 2.23607 0
9 12 4.47214 0
1 4 3.60555 88
7 4 4.47214 0
1 7 4.12311 83
1 10 5 0
Coordinates:
0 7
7 5
6 0
6 4
5 8
9 10
10 0
3 4
10 10
5 3
10 9
5 7
9 1
7 2
