Number of nodes:
14
Number of edges:
32
W:
4275
Edges (node i, node j, d_ij, q_ij):
12 2 4.24264 26
2 6 6.40312 0
6 9 8.06226 98
9 5 10 97
5 8 2 19
8 0 4.12311 0
0 7 8.544 0
7 3 5.09902 27
3 10 4 0
10 1 6.32456 81
1 11 3.16228 94
11 13 3.60555 0
13 4 5.09902 0
3 1 8.48528 6
4 3 6.08276 31
4 11 2.23607 30
11 5 3.16228 60
8 13 5 0
0 6 8 61
12 7 7.07107 63
4 10 2.23607 25
10 5 7.2111 0
12 13 3.60555 0
2 5 5.83095 0
9 4 9.84886 0
7 2 4.47214 11
3 9 10.198 0
1 8 4 27
4 1 5 0
5 7 9.05539 90
6 13 5.65685 0
13 2 1 9
Coordinates:
1 8
4 4
5 3
10 10
4 9
0 6
9 8
9 5
0 4
8 0
6 10
3 7
2 6
5 4
