Number of nodes:
17
Number of edges:
35
W:
0
Edges (node i, node j, d_ij, q_ij):
3 7 4.24264 4.24264
7 5 2.82843 0
5 10 6.08276 6.08276
10 6 1 1
6 11 7.61577 7.61577
11 0 3.60555 3.60555
0 2 2.23607 0
2 8 5 0
8 14 6.7082 6.7082
14 15 4.47214 4.47214
15 16 8.06226 8.06226
16 13 8 0
13 9 3.16228 3.16228
9 12 9.43398 9.43398
12 1 10.8167 10.8167
1 4 5.83095 5.83095
6 16 5.38516 5.38516
4 6 2.23607 0
11 4 6.08276 0
14 5 2 2
12 8 12.0416 0
2 15 3.16228 3.16228
14 6 4 4
16 9 5.09902 0
0 7 3 3
3 6 1.41421 1.41421
1 10 7.2111 7.2111
2 9 3 0
2 3 4.47214 0
10 0 5.65685 0
11 5 3.16228 0
6 5 6 0
9 3 7.28011 0
10 13 7.2111 7.2111
9 1 1.41421 1.41421
Coordinates:
3 7
3 9
4 5
6 1
6 4
1 2
7 2
3 4
0 8
4 8
7 3
0 5
9 0
1 7
3 2
1 6
9 7
