Number of nodes:
17
Number of edges:
35
W:
56.5232
Edges (node i, node j, d_ij, q_ij):
15 1 2.82843 0
1 11 2.82843 2.82843
11 13 8.544 0
13 4 10.4403 10.4403
4 3 9.84886 0
3 2 6.08276 6.08276
2 16 3 3
16 14 5.83095 0
14 6 4 0
6 10 11.6619 0
10 12 1 0
12 8 8.06226 8.06226
8 7 2.23607 2.23607
7 5 5.83095 5.83095
5 0 6.32456 0
0 9 5.83095 0
0 4 7.07107 7.07107
11 15 4 4
6 8 6.32456 0
4 11 2 0
6 5 3 0
2 8 5 5
16 8 5.83095 5.83095
9 12 10.2956 0
16 9 4.12311 4.12311
13 16 7.61577 7.61577
2 7 7.07107 7.07107
0 12 4.47214 4.47214
9 13 9.21954 9.21954
4 9 5.65685 0
13 3 7.07107 7.07107
2 14 3.60555 3.60555
3 8 1.41421 1.41421
4 5 7.07107 7.07107
16 11 1 1
Coordinates:
3 4
10 7
7 8
1 9
10 5
5 10
8 10
0 7
2 8
6 9
2 0
8 5
1 0
0 2
4 10
8 9
7 5
