Number of nodes:
17
Number of edges:
35
W:
288
Edges (node i, node j, d_ij, q_ij):
9 4 4.24264 0
4 0 7.2111 43
0 7 8.24621 81
7 12 7.2111 0
12 2 4.24264 10
2 15 4.47214 0
15 1 7.07107 48
1 8 2.23607 0
8 5 4.24264 0
5 13 4.47214 0
13 6 9.21954 0
6 11 8.06226 0
11 3 7.07107 0
3 16 6.32456 74
16 14 2.82843 2
14 10 9.89949 39
11 7 6.08276 0
16 15 6.08276 14
10 16 7.07107 0
8 15 5 100
9 5 3 23
12 11 3 0
6 15 1.41421 0
9 3 8.544 0
7 10 5 0
16 1 2.23607 81
14 15 8.06226 0
13 4 2.23607 0
10 15 6.08276 4
3 10 3.16228 0
4 3 7.81025 0
6 7 2 1
14 12 6.08276 43
7 4 8.94427 0
15 9 10 13
Coordinates:
4 0
0 2
3 5
4 9
10 4
4 1
2 10
2 8
1 4
7 1
7 8
3 2
6 2
8 3
0 1
1 9
2 3
