Number of nodes:
17
Number of edges:
35
W:
3790
Edges (node i, node j, d_ij, q_ij):
2 7 4.12311 0
7 12 8.544 0
12 3 9.05539 0
3 6 6.32456 0
6 4 4.12311 30
4 0 5 0
0 10 6.08276 29
10 14 8.60233 0
14 9 7 0
9 16 5.09902 29
16 15 9.21954 90
15 13 8.48528 14
13 1 5 77
1 11 5 64
11 5 1.41421 0
5 8 7.28011 0
6 16 2.82843 0
13 2 7.81025 0
3 1 4 60
11 12 1 37
4 10 9.48683 0
6 2 9.48683 85
13 10 10.198 0
15 7 5.09902 10
14 0 8.06226 39
6 14 8.544 1
15 14 1.41421 0
13 5 8.24621 0
5 7 8.60233 91
5 9 5 0
0 16 4.47214 0
11 6 9.21954 51
13 6 3.60555 0
1 10 7.81025 0
16 5 8.544 51
Coordinates:
6 10
6 4
5 1
10 4
9 6
2 5
8 10
9 0
9 3
5 9
0 9
1 4
1 3
10 7
5 2
4 1
10 8
