Number of nodes:
14
Number of edges:
32
W:
0
Edges (node i, node j, d_ij, q_ij):
13 3 10.0499 0
3 7 10.8167 0
7 4 9.43398 0
4 11 4.12311 0
11 9 7.07107 79
9 2 1 58
2 0 9.05539 15
0 5 5.83095 72
5 8 4 30
8 12 4.24264 0
12 10 6.32456 60
10 6 7.2111 19
6 1 8.60233 39
12 6 2 26
2 12 7.61577 89
2 4 6.32456 75
9 0 9 0
4 9 6.7082 0
6 13 4.12311 0
8 3 4.24264 0
9 13 10 59
13 10 10.4403 71
1 4 4 0
6 2 9.48683 0
7 12 6.7082 0
13 2 10.6301 70
4 6 5.83095 64
7 10 9.84886 0
0 13 6.08276 0
13 7 7.07107 0
4 3 1.41421 0
8 11 3.60555 0
Coordinates:
10 6
3 9
1 7
8 10
7 9
5 3
10 4
2 1
5 7
1 6
6 10
8 5
8 4
9 0
