Number of nodes:
20
Number of edges:
32
W:
0
Edges (node i, node j, d_ij, q_ij):
4 7 7.07107 48
7 8 9.48683 25
8 17 1 83
17 1 4 36
1 3 2 33
3 2 9.48683 5
2 14 1 55
14 10 8.06226 44
10 18 1 99
18 13 1 87
13 16 5.38516 41
16 9 4.47214 79
9 6 6.08276 60
6 19 9.84886 63
19 0 5.38516 63
0 11 1.41421 84
11 5 5 42
5 12 4 49
12 15 5.65685 24
15 14 9.89949 25
14 0 5.38516 73
0 3 5.09902 23
3 12 7 55
12 18 5.83095 36
18 3 3.60555 22
3 7 10.0499 58
7 10 8.544 66
10 13 1.41421 48
13 14 7 72
14 19 4 77
19 2 4.12311 70
2 4 8.06226 19
Coordinates:
5 7
0 8
9 9
0 6
5 2
7 10
1 1
10 7
1 4
7 0
2 10
4 6
7 6
3 9
10 9
3 2
5 4
0 4
2 9
10 5
