Number of nodes:
20
Number of edges:
32
W:
101.897
Edges (node i, node j, d_ij, q_ij):
16 5 9.21954 9.21954
5 18 3.16228 3.16228
18 3 7.2111 7.2111
3 10 3.16228 3.16228
10 19 7.07107 7.07107
19 4 2.23607 2.23607
4 14 6.7082 6.7082
14 6 8.06226 8.06226
6 11 10 10
11 13 7.2111 7.2111
13 17 5.65685 5.65685
17 7 11.4018 11.4018
7 9 6.7082 6.7082
9 8 7.28011 7.28011
8 15 6.7082 6.7082
15 12 3 3
12 1 6.08276 6.08276
1 2 6.7082 6.7082
2 0 8.544 8.544
0 7 2.23607 2.23607
7 15 5.38516 5.38516
15 16 4.12311 4.12311
16 4 5.83095 5.83095
4 2 1.41421 1.41421
2 12 5.83095 5.83095
12 11 4.24264 4.24264
11 17 12.8062 12.8062
17 12 8.60233 8.60233
12 14 7.28011 7.28011
14 1 11.3137 11.3137
1 6 4.12311 4.12311
6 16 4.47214 4.47214
Coordinates:
10 3
8 9
2 6
10 7
3 7
1 4
4 8
9 1
4 0
6 7
9 10
10 0
7 3
4 4
0 1
7 6
8 10
0 8
4 3
4 5
