Number of nodes:
20
Number of edges:
32
W:
952
Edges (node i, node j, d_ij, q_ij):
1 10 5 88
10 6 7.61577 78
6 11 12.0416 100
11 5 7.61577 58
5 2 9.21954 67
2 16 7.07107 53
16 4 8.06226 18
4 9 7.61577 42
9 14 4.47214 36
14 12 5 69
12 19 6.7082 99
19 15 5.09902 85
15 7 7.28011 96
7 3 5 77
3 17 6.7082 6
17 0 5 67
0 13 2.23607 29
13 8 1 55
8 18 1.41421 29
18 9 6.32456 9
9 10 4.12311 94
10 8 1 79
8 19 4 98
19 18 3.16228 56
18 10 2.23607 73
10 13 1.41421 75
13 17 3.16228 46
17 10 4 1
10 16 2.82843 26
16 19 6.7082 98
19 11 8.48528 84
11 1 9.05539 13
Coordinates:
7 6
10 1
8 0
10 7
1 6
2 7
0 2
6 10
7 4
8 9
7 5
9 10
9 1
6 4
6 5
8 3
9 7
7 1
6 3
3 4
