Number of nodes:
11
Number of edges:
35
W:
49.1864
Edges (node i, node j, d_ij, q_ij):
0 2 5.09902 0
2 6 10.6301 0
6 1 3.60555 0
1 10 7.07107 7.07107
10 8 2.23607 0
8 7 6.7082 6.7082
7 9 2 0
9 4 2.23607 2.23607
4 3 7.07107 7.07107
3 5 4.47214 0
3 2 6.08276 0
6 3 9.05539 9.05539
8 0 6.40312 6.40312
4 2 4.12311 4.12311
9 6 9.21954 9.21954
9 3 6.7082 0
7 5 4.12311 4.12311
5 9 4.12311 0
5 6 5.83095 0
4 8 5.83095 5.83095
6 0 6.7082 6.7082
1 7 4.47214 0
2 7 4 0
10 9 5.83095 5.83095
5 4 3.16228 0
0 4 1 0
8 9 6.08276 6.08276
1 8 5.38516 0
7 0 1.41421 0
5 2 5 5
10 2 5.09902 5.09902
10 3 1 0
10 5 4.12311 0
0 3 7.81025 7.81025
6 10 9.21954 0
Coordinates:
6 4
3 3
7 9
1 10
6 5
3 6
0 1
7 5
1 8
7 7
2 10
