Number of nodes:
14
Number of edges:
48
W:
733.5
Edges (node i, node j, d_ij, q_ij):
0 8 8.60233 0
8 12 3 0
12 11 4.24264 69
11 6 13.4536 0
6 2 11.1803 100
2 5 7.2111 90
5 3 2.82843 0
3 7 1 72
7 10 3.16228 0
10 9 3.16228 0
9 13 6.08276 0
13 4 7.81025 0
4 1 6.32456 84
11 0 10.0499 56
1 10 6 45
7 12 6.08276 50
1 5 7 39
6 0 8 0
8 10 5.83095 20
12 9 4.12311 84
7 1 5.83095 0
2 9 7 0
12 4 3.60555 70
13 2 8.48528 75
5 13 10 0
11 1 9.21954 50
1 13 3 0
1 12 5 0
6 4 10.7703 23
7 8 7.2111 40
6 13 4.12311 58
3 4 8.544 94
3 9 2.23607 0
3 1 5.38516 0
11 3 8.24621 0
4 2 1 14
0 13 9.84886 67
10 0 4 0
9 7 2.82843 0
0 1 7.2111 57
7 5 3.60555 0
0 12 7.28011 0
10 3 2.23607 0
10 13 9 0
10 12 3.60555 61
8 13 5 81
11 9 8.06226 68
10 6 8.94427 0
Coordinates:
10 1
6 7
0 4
8 2
0 5
6 0
10 9
9 2
3 6
7 4
6 1
0 0
3 3
6 10
