Number of nodes:
18
Number of edges:
22
W:
32.8484
Edges (node i, node j, d_ij, q_ij):
2 0 6.40312 0
0 9 2.23607 2.23607
9 7 5 0
7 10 6.08276 6.08276
10 4 7.2111 0
4 16 7.2111 0
16 3 8.06226 0
3 13 7.81025 0
13 15 2.23607 2.23607
15 12 6.40312 6.40312
12 5 7.81025 0
5 8 2.23607 2.23607
8 6 8.544 0
6 1 1 1
1 17 6.7082 6.7082
17 14 4.12311 4.12311
14 11 7.28011 7.28011
15 6 7.61577 7.61577
16 17 4.12311 4.12311
17 5 4 0
17 15 4.47214 4.47214
9 3 11.1803 11.1803
Coordinates:
2 8
0 1
6 3
8 0
1 4
6 8
1 1
6 6
4 9
3 10
7 0
3 3
0 3
3 6
10 5
4 8
7 8
6 4
