Number of nodes:
21
Number of edges:
26
W:
43.3058
Edges (node i, node j, d_ij, q_ij):
13 5 5.65685 0
5 19 4 0
19 11 7.07107 7.07107
11 16 6.7082 0
16 10 1 1
10 1 6 0
1 9 2.23607 0
9 14 1 1
14 8 2 0
8 17 2.82843 2.82843
17 12 6.32456 0
12 0 8.06226 8.06226
0 6 3.60555 3.60555
6 7 7.28011 7.28011
7 3 9.05539 9.05539
3 15 10 10
15 2 3.60555 3.60555
2 20 6.32456 6.32456
20 18 3.16228 0
18 4 3.60555 3.60555
5 3 10.8167 0
7 4 2 0
20 16 6.7082 0
12 13 8.60233 8.60233
4 9 6.32456 6.32456
5 1 8.24621 8.24621
Coordinates:
10 1
4 8
5 1
0 9
9 8
6 0
7 3
9 10
5 5
3 6
4 2
1 7
9 9
2 4
3 5
8 3
4 1
3 7
6 10
2 0
7 7
