Number of nodes:
21
Number of edges:
26
W:
378
Edges (node i, node j, d_ij, q_ij):
8 5 6 0
5 6 9.89949 0
6 0 8.94427 0
0 20 4.24264 68
20 10 2.23607 0
10 7 7.61577 84
7 4 1 0
4 13 3.16228 73
13 2 3.60555 35
2 14 2.23607 0
14 18 2.23607 0
18 17 4.24264 0
17 15 8.48528 54
15 16 6.32456 0
16 1 3.16228 10
1 11 3.60555 17
11 3 13.4536 84
3 19 3 0
19 12 7.28011 62
12 9 6 79
3 5 7.28011 0
20 19 7.07107 0
14 13 5.83095 75
10 8 2.23607 25
18 1 2.82843 0
20 5 2 90
Coordinates:
6 2
3 8
6 5
10 1
7 1
3 3
10 10
7 0
3 9
9 6
4 7
0 10
3 6
4 2
7 7
8 3
2 5
2 9
5 6
10 4
3 5
