Number of nodes:
24
Number of edges:
30
W:
60.1056
Edges (node i, node j, d_ij, q_ij):
23 0 2.82843 0
0 6 2.23607 2.23607
6 21 8.06226 8.06226
21 10 2.23607 0
10 4 4.47214 4.47214
4 5 9.05539 9.05539
5 9 5.65685 5.65685
9 19 4.12311 0
19 8 5.83095 0
8 12 8.60233 0
12 22 9.43398 0
22 14 7.07107 7.07107
14 20 9.48683 9.48683
20 17 9.84886 9.84886
17 16 8.48528 8.48528
16 7 5 0
7 2 5 5
2 3 9.21954 9.21954
3 11 9.05539 9.05539
11 15 9.48683 9.48683
15 1 7.81025 0
1 18 1 0
18 13 8.544 0
2 1 8 0
12 17 8.24621 8.24621
17 0 7.2111 0
17 22 7 7
22 13 10.0499 0
19 5 5 5
10 14 2.82843 2.82843
Coordinates:
4 6
6 8
6 0
0 7
10 3
1 4
3 4
1 0
1 7
5 0
8 7
9 6
8 2
2 0
10 9
0 3
4 4
10 10
5 8
6 4
1 6
10 8
3 10
2 8
