Number of nodes:
24
Number of edges:
30
W:
394.5
Edges (node i, node j, d_ij, q_ij):
9 8 7.07107 0
8 23 4.12311 74
23 11 4.12311 87
11 12 6.08276 11
12 10 7 85
10 17 8.06226 0
17 18 1 0
18 2 7.2111 0
2 4 5.09902 19
4 20 7.61577 12
20 13 3.60555 71
13 3 7.07107 58
3 15 1.41421 0
15 1 10 0
1 21 1 0
21 7 5.38516 0
7 14 6 0
14 22 7.07107 2
22 0 7.2111 94
0 16 7.61577 54
16 5 5.38516 0
5 19 4.24264 25
19 6 10 0
21 17 6.40312 60
10 7 6.08276 85
23 22 8.60233 0
3 7 3.16228 0
14 9 5 19
14 2 9.84886 0
4 0 7.28011 33
Coordinates:
1 1
0 6
9 8
7 1
8 3
6 3
3 10
6 4
4 1
3 8
7 10
1 4
0 10
8 8
0 4
8 0
4 8
6 2
5 2
3 0
5 10
1 6
7 5
0 0
