Number of nodes:
27
Number of edges:
33
W:
48.6573
Edges (node i, node j, d_ij, q_ij):
18 25 2.23607 2.23607
25 6 5.38516 0
6 19 5.65685 0
19 10 6.32456 0
10 7 12.2066 12.2066
7 14 6.40312 6.40312
14 9 2.82843 0
9 23 3.60555 3.60555
23 24 8.60233 0
24 2 6.40312 0
2 8 7.07107 7.07107
8 12 3 0
12 13 4 4
13 15 2.82843 0
15 26 1.41421 1.41421
26 21 3.16228 0
21 0 7.07107 0
0 17 9.21954 0
17 4 8.06226 0
4 16 8.94427 8.94427
16 20 11.6619 11.6619
20 5 8.48528 8.48528
5 3 2.23607 2.23607
3 22 8.60233 0
22 1 2 0
1 11 9.21954 0
9 25 7.28011 7.28011
6 26 7 7
5 8 6.7082 6.7082
2 16 9.84886 0
22 23 8.06226 8.06226
13 18 5 0
7 6 1 0
Coordinates:
9 1
9 4
8 1
2 7
8 2
4 6
3 10
2 10
1 0
8 7
9 0
0 2
4 0
4 4
6 5
2 2
4 10
7 10
0 7
7 6
10 0
2 0
9 2
10 10
3 5
1 5
3 3
