Number of nodes:
27
Number of edges:
33
W:
313.5
Edges (node i, node j, d_ij, q_ij):
1 16 7 31
16 9 7.07107 0
9 8 7.07107 0
8 2 7.07107 0
2 26 3.16228 0
26 0 2.23607 0
0 20 4.12311 95
20 13 9.48683 79
13 12 6.40312 52
12 7 7.07107 0
7 3 1.41421 1
3 24 6.08276 0
24 19 6 0
19 23 1 0
23 10 11.1803 3
10 18 8.48528 0
18 15 8.06226 0
15 25 9 23
25 17 4.47214 79
17 4 5 81
4 5 8.60233 37
5 6 6 0
6 22 7.61577 0
22 11 6.7082 24
11 21 1.41421 0
21 14 4.47214 0
23 11 10.6301 0
6 9 6.40312 47
18 11 9.48683 0
6 15 7.61577 34
9 22 3.60555 0
6 20 6.08276 0
10 9 3.16228 41
Coordinates:
5 8
7 2
7 7
8 7
7 4
0 9
0 3
7 6
6 0
5 7
6 10
9 7
0 5
4 0
6 4
7 0
0 2
3 7
0 4
2 0
1 9
8 8
3 10
1 0
2 6
7 9
4 6
