Number of nodes:
30
Number of edges:
232
W:
0
Edges (node i, node j, d_ij, q_ij):
0 8 10.198 1
8 5 4.24264 46
5 28 6.32456 49
28 27 3.60555 87
27 18 5.65685 48
18 26 9.05539 96
26 21 2.23607 81
21 19 7.2111 86
19 12 4.24264 59
12 9 7.81025 68
9 7 4.12311 21
7 6 4.47214 24
6 15 8.24621 20
15 20 6.40312 7
20 11 6.40312 98
11 3 6 76
3 29 8.06226 24
29 14 3.16228 9
14 13 7.07107 25
13 1 11.4018 14
1 25 5.83095 88
25 10 8.48528 66
10 22 4.47214 77
22 23 7.81025 39
23 24 3 77
24 16 6.7082 7
16 2 6.40312 24
2 17 6.32456 14
17 4 1 85
4 27 5 36
27 3 5 36
3 12 4.47214 37
12 23 6.32456 82
23 17 8.544 36
17 8 9.21954 76
8 1 10.8167 81
1 24 7.61577 32
24 22 6.32456 56
22 25 4.47214 18
25 29 2.82843 42
29 21 9.84886 24
21 8 8 38
8 13 1 66
13 29 4 95
29 5 4.12311 96
5 27 3 63
27 29 4.47214 70
29 6 7.28011 20
6 16 3.16228 23
16 12 4 47
12 29 6.7082 33
29 17 8.24621 10
17 14 7.07107 64
14 1 6.32456 61
1 6 3 49
6 17 1 40
17 22 2.82843 68
22 15 8.06226 24
15 7 8.48528 53
7 0 8.24621 4
0 15 4.47214 59
15 8 8.24621 41
8 23 9.05539 41
23 6 7.61577 40
6 13 9.21954 76
13 27 7.2111 68
27 25 2 20
25 3 6.7082 7
3 9 7.28011 23
9 23 8.06226 38
23 11 8 49
11 14 7.28011 98
14 12 5 27
12 10 7.28011 66
10 1 9.05539 45
1 26 8 23
26 4 5.38516 28
4 29 9.21954 14
29 10 8.94427 94
10 28 9.21954 3
28 25 5 12
25 2 2 26
2 28 4.12311 12
28 7 7.07107 75
7 25 5 39
25 21 9.21954 12
21 9 8.06226 14
9 19 3.60555 58
19 24 3.60555 35
24 6 7 19
6 5 4.24264 13
5 1 6.7082 94
1 19 6.40312 11
19 14 3.60555 5
14 24 1.41421 85
24 28 6.7082 86
28 6 3.16228 72
6 3 3.16228 57
3 21 3.16228 45
21 24 10.8167 47
24 29 2 94
29 20 4 45
20 22 2 44
22 9 5.83095 72
9 11 10.6301 10
11 26 8.06226 40
26 9 6 46
9 1 10 89
1 28 1 54
28 8 10.2956 39
8 20 5 91
20 28 5.38516 65
28 9 9.43398 17
9 27 5.83095 55
27 2 2.82843 92
2 7 6.7082 55
7 4 5.65685 66
4 19 6.32456 5
19 0 6 64
0 24 5 1
24 17 8 75
17 26 5.09902 76
26 8 6.08276 46
8 12 8.60233 85
12 25 4.12311 81
25 20 2.82843 30
20 26 4.24264 23
26 5 3.60555 52
5 7 1.41421 86
7 23 8.60233 67
23 2 2.23607 98
2 9 7.07107 31
9 14 6 63
14 10 9.89949 94
10 17 6 55
17 7 5 72
7 16 1.41421 33
16 22 1 100
22 28 5 12
28 19 5.83095 38
19 11 7.07107 39
11 27 5 3
27 15 5.38516 55
15 28 7.07107 7
28 0 3.16228 9
0 10 11.1803 46
10 16 3.60555 13
16 17 3.60555 74
17 28 3.60555 2
28 14 5.38516 76
14 7 6.40312 26
7 21 4.47214 29
21 23 12.7279 3
23 15 1.41421 71
15 13 8.06226 65
13 10 8 83
10 5 5 1
5 25 3.60555 87
25 14 1.41421 87
14 2 1.41421 38
2 6 5.38516 5
6 22 2.23607 36
22 4 3.60555 69
4 16 4.24264 67
16 8 5.83095 81
8 14 7 23
14 0 3.60555 90
0 20 6.08276 66
20 7 2.23607 74
7 10 3.60555 2
10 6 6.08276 55
6 0 5.65685 64
0 16 7.61577 56
16 18 7.28011 9
18 0 5 70
0 1 4.12311 64
1 17 3.16228 6
17 19 5.38516 82
19 20 1 89
20 13 5.65685 60
13 26 7.07107 9
26 15 10.6301 15
15 9 7.28011 40
9 0 9.21954 64
0 13 10.4403 85
13 11 12.0416 4
11 8 11.4018 46
8 19 4.47214 37
19 27 2.23607 91
27 20 2 84
20 4 5.38516 75
4 1 3.60555 47
1 20 5.83095 72
20 14 4.24264 95
14 21 10.6301 14
21 0 11.6619 52
0 4 7.2111 69
4 9 9.43398 55
9 16 5.38516 69
16 29 6.08276 94
29 15 4.12311 56
15 25 3.60555 24
25 24 2 58
24 20 4.47214 63
20 3 4.12311 84
3 1 6.08276 79
1 11 1 78
11 12 2.82843 42
12 2 4.12311 13
2 0 2.23607 67
0 12 4.24264 1
12 22 3 21
22 18 6.32456 81
18 6 4.12311 40
6 26 5 84
26 16 2.23607 17
16 23 8.48528 95
23 26 10.6301 82
26 25 7.07107 6
25 16 5 85
16 13 6.7082 17
13 17 10 80
17 3 3 32
3 24 8.544 88
24 4 9 26
4 15 10.198 97
15 2 3 92
2 11 6.08276 46
11 24 8.544 51
24 5 5 60
5 22 2.23607 39
22 0 6.7082 59
Coordinates:
6 0
2 1
7 2
1 7
0 4
5 7
2 4
4 8
8 10
8 9
1 10
1 1
3 3
9 10
8 3
10 2
3 7
1 4
1 0
6 6
5 6
0 10
3 6
9 1
9 4
7 4
2 9
5 4
3 1
9 6
