Number of nodes:
30
Number of edges:
162
W:
0
Edges (node i, node j, d_ij, q_ij):
25 13 10.7703 12
13 21 7.28011 10
21 23 4.12311 84
23 5 2.23607 48
5 6 2 8
6 26 3.60555 83
26 9 6.32456 14
9 28 2.23607 5
28 2 8.94427 23
2 16 5.83095 95
16 1 8.544 21
1 12 7.61577 2
12 19 6 85
19 0 2 79
0 24 5.65685 38
24 17 5.38516 73
17 22 3.60555 54
22 4 3.16228 93
4 7 4.12311 97
7 14 6 42
14 8 9.21954 39
8 3 7.61577 55
3 11 9.21954 22
11 27 3.16228 60
27 18 1.41421 52
18 29 8.06226 28
29 15 7.07107 28
15 20 3 71
20 10 5.65685 39
10 8 5.38516 68
8 27 8.544 94
27 9 5.38516 3
9 6 5 29
6 8 5.38516 29
8 20 10.8167 50
20 4 9.84886 36
4 12 8.24621 11
12 0 6.32456 16
0 28 6.7082 93
28 1 10.6301 85
1 5 6.08276 10
5 14 5.09902 65
14 9 2.23607 86
9 20 3.60555 47
20 0 7 44
0 13 6 75
13 6 5 19
6 29 7.81025 49
29 1 11.4018 67
1 17 1 16
17 2 3.16228 42
2 10 1.41421 58
10 9 6.08276 22
9 1 8.60233 63
1 15 8.24621 69
15 18 1 25
18 23 9.84886 42
23 15 9.48683 96
15 28 6.08276 96
28 21 4.47214 81
21 16 5.83095 16
16 11 4 41
11 25 10.4403 83
25 20 5 44
20 3 6.08276 69
3 23 3.16228 84
23 22 4.24264 32
22 1 2.82843 32
1 3 6.32456 99
3 19 3.16228 24
19 20 7.28011 68
20 2 7.07107 61
2 26 1 40
26 16 5.38516 54
16 24 3.60555 7
24 27 2.23607 83
27 3 6.40312 28
3 26 5.09902 25
26 0 4.47214 32
0 4 4.47214 47
4 19 2.82843 92
19 15 7.07107 25
15 8 9.48683 4
8 1 1.41421 65
1 0 5.09902 88
0 7 1 24
7 22 3.60555 90
22 8 4.24264 29
8 18 9.21954 72
18 21 7.07107 37
21 3 1 61
3 13 7.07107 87
13 14 7.81025 77
14 24 4.12311 43
24 11 3.60555 82
11 9 8.544 97
9 23 6.32456 79
23 24 7.2111 65
24 8 6.32456 80
8 19 4.47214 77
19 2 3.60555 40
2 9 7.28011 48
9 21 2.23607 37
21 2 6 80
2 25 9.21954 53
25 17 11.1803 95
17 10 4.47214 62
10 26 1 32
26 28 8.06226 20
28 12 5 45
12 25 6.32456 78
25 15 7.61577 63
15 0 7.61577 70
0 17 6.08276 33
17 11 8 28
11 26 5.38516 9
26 13 2.82843 57
13 16 8.06226 69
16 15 1 89
15 5 8.06226 28
5 2 6.32456 5
2 7 5.83095 50
7 26 5 66
26 24 2 33
24 7 6.40312 44
7 13 6.08276 47
13 12 7.2111 81
12 17 8.06226 74
17 7 6 12
7 19 2.23607 61
19 25 7.2111 51
25 10 8.06226 51
10 27 3.16228 60
27 25 7.28011 39
25 28 2.23607 30
28 29 1 12
29 17 12.2066 34
17 15 8.544 44
15 24 3.16228 95
24 22 3.16228 5
22 0 3.16228 40
0 10 5 25
10 6 4.24264 19
6 27 6.32456 61
27 5 7.2111 57
5 11 9.89949 98
11 15 3 69
15 4 9.05539 65
4 28 10.6301 66
28 5 6.32456 10
5 18 8.60233 44
18 16 2 70
16 7 8.24621 59
7 8 6.08276 61
8 28 12.0416 2
28 13 10.8167 54
13 8 2 60
8 17 1 35
17 14 8.48528 28
14 11 6.32456 23
11 22 6.7082 47
22 25 7.61577 30
Coordinates:
7 4
8 9
5 9
6 3
9 8
7 3
7 5
8 4
9 10
3 2
4 8
0 10
1 6
7 10
2 4
0 7
0 6
8 10
0 8
7 6
0 4
5 3
6 7
9 4
3 8
3 0
5 8
1 7
1 1
1 0
