Number of nodes:
20
Number of edges:
53
W:
0
Edges (node i, node j, d_ij, q_ij):
10 6 1 46
6 11 5.38516 73
11 8 3.60555 47
8 9 6.32456 40
9 4 3.16228 12
4 17 6.08276 84
17 7 3.60555 4
7 12 5 62
12 3 8.24621 26
3 15 5.83095 43
15 14 5 17
14 5 6.7082 40
5 0 2.82843 75
0 19 3.16228 45
19 1 4 97
1 16 5.09902 31
16 2 2.23607 68
2 18 3.60555 95
18 13 6.40312 14
13 10 5.38516 58
10 16 6.32456 20
16 4 9.84886 61
4 13 7.07107 51
13 6 5.83095 93
6 19 5 33
19 10 5.09902 77
10 14 3 80
14 8 4 91
8 15 1 54
15 1 7.07107 36
1 2 5 96
2 19 4.12311 99
19 17 6.32456 8
17 3 7.2111 42
3 18 6.32456 38
18 10 3.16228 71
10 2 6.40312 77
2 13 7.07107 41
13 11 5 85
11 17 6 2
17 6 2.23607 84
6 3 5 1
3 5 9.48683 93
5 15 6.32456 10
15 0 5.65685 97
0 1 4.24264 41
1 12 5.65685 40
12 6 6.40312 64
6 14 3.16228 36
14 18 3.60555 5
18 5 5.83095 74
5 12 1.41421 7
12 10 7.07107 65
Coordinates:
4 3
7 6
4 2
5 10
10 10
2 1
8 6
6 6
1 7
7 9
8 7
3 4
3 2
3 9
5 7
0 7
6 1
9 4
7 4
3 6
