Number of nodes:
30
Number of edges:
110
W:
27860
Edges (node i, node j, d_ij, q_ij):
0 18 11.6619 97
18 21 10.4403 6
21 10 2 90
10 4 2.82843 73
4 6 7.61577 34
6 3 7.2111 8
3 15 10 19
15 24 8.544 95
24 11 3.16228 78
11 26 1.41421 44
26 29 5.09902 87
29 14 5 54
14 27 2.82843 17
27 16 3.60555 80
16 2 6.32456 93
2 17 3.16228 68
17 1 5 83
1 20 1.41421 41
20 23 5.38516 29
23 22 10.198 75
22 8 6.40312 16
8 25 1 24
25 9 3 76
9 5 7.81025 46
5 28 7.2111 35
28 7 7 73
7 13 4 6
13 19 5.65685 40
19 12 9 15
12 21 9.43398 11
21 16 3 35
16 22 7.61577 11
22 6 8.544 16
6 26 9.84886 24
26 18 9.89949 36
18 3 9.21954 1
3 27 3.16228 83
27 5 10.0499 54
5 14 8.544 95
14 16 4.12311 61
16 11 3.16228 97
11 17 6.32456 33
17 13 3.60555 14
13 28 3 13
28 29 2.82843 12
29 19 6.7082 58
19 9 3.16228 32
9 18 5.38516 95
18 13 6.7082 50
13 8 2.82843 60
8 16 3.60555 21
16 26 4 17
26 8 6.7082 35
8 21 6.32456 96
21 13 4 62
13 6 5.83095 22
6 10 7.07107 21
10 18 8.544 67
18 7 9.21954 13
7 23 5 87
23 16 3.16228 78
16 15 7.81025 47
15 5 4.12311 50
5 26 7.61577 45
26 3 5.38516 22
3 25 4.12311 85
25 10 3.60555 46
10 14 4 57
14 23 3.60555 38
23 27 1 92
27 7 4.47214 17
7 1 7.61577 86
1 5 9.84886 25
5 19 5.38516 82
19 18 2.23607 50
18 27 11.1803 88
27 25 6.40312 91
25 18 5.09902 81
18 23 10.7703 82
23 5 10 92
5 17 5.65685 92
17 9 2.23607 54
9 21 7.07107 8
21 3 1.41421 27
3 14 5.09902 2
14 17 8.06226 69
17 24 7.07107 48
24 9 8.06226 74
9 4 7.07107 88
4 18 7.81025 12
18 29 8.24621 60
29 8 4.12311 65
8 11 5.38516 11
11 19 8.06226 9
19 1 7.07107 61
1 13 4.24264 32
13 16 1 45
16 19 6.40312 58
19 21 8.94427 88
21 14 4.47214 34
14 9 9.48683 50
9 28 2.23607 56
28 11 6 19
11 27 4.12311 26
27 29 3.60555 89
29 3 1 68
3 0 4.12311 13
0 13 5 79
13 12 6.40312 100
12 0 8.24621 47
Coordinates:
2 10
8 9
7 1
6 9
3 6
4 0
10 3
1 6
7 4
10 5
5 8
2 6
0 2
5 6
1 8
0 1
5 7
8 4
8 0
9 2
9 8
5 10
2 0
4 10
3 9
7 5
1 7
3 10
8 6
6 8
