Number of nodes:
10
Number of edges:
27
W:
86.85
Edges (node i, node j, d_ij, q_ij):
2 6 7.07107 7.07107
6 9 6 6
9 5 1.41421 1.41421
5 7 6.7082 6.7082
7 8 4.24264 4.24264
8 0 8.06226 8.06226
0 1 8.06226 8.06226
1 3 9.48683 9.48683
3 4 5 5
4 6 8 8
6 7 7.28011 7.28011
7 3 5.83095 5.83095
3 2 3.60555 3.60555
2 1 7 7
1 5 6.08276 6.08276
5 0 8.60233 8.60233
0 9 10 10
9 4 10 10
4 0 2.82843 2.82843
0 3 2.23607 2.23607
3 5 8.544 8.544
5 6 5.09902 5.09902
6 1 9.21954 9.21954
1 7 4 4
7 4 2.23607 2.23607
4 5 8.60233 8.60233
5 2 8.48528 8.48528
Coordinates:
2 6
10 7
3 7
1 4
4 8
9 1
4 0
6 7
9 10
10 0
