Number of nodes:
20
Number of edges:
75
W:
0
Edges (node i, node j, d_ij, q_ij):
16 7 3 31
7 8 5.38516 30
8 10 5 47
10 13 3.60555 87
13 11 4.12311 71
11 17 6 95
17 5 9.43398 46
5 1 7.28011 59
1 12 4.47214 53
12 3 2.82843 9
3 14 4.12311 87
14 6 4.47214 99
6 4 2 6
4 15 6.7082 14
15 18 4.47214 45
18 19 9.21954 31
19 9 3 22
9 0 8.24621 48
0 2 9.21954 8
2 14 5.83095 59
14 7 5 1
7 4 6.08276 79
4 17 3.60555 30
17 10 7.61577 8
10 4 6.40312 59
4 18 4.12311 54
18 3 1.41421 80
3 13 6.40312 8
13 14 5.09902 73
14 1 2.23607 76
1 6 6.40312 11
6 9 3 3
9 16 8.06226 5
16 15 1 9
15 6 8.544 41
6 3 5.38516 27
3 0 4.24264 3
0 15 2 87
15 13 1 86
13 8 6.32456 7
8 15 5.38516 47
15 10 2.82843 24
10 5 8.06226 5
5 6 7.61577 52
6 7 8.06226 38
7 3 3.16228 2
3 4 3.60555 34
4 8 1.41421 11
8 1 3.60555 49
1 15 3.16228 93
15 11 3.16228 70
11 4 3.60555 1
4 1 5 72
1 16 3.60555 51
16 0 1 9
0 11 3.16228 82
11 2 6.7082 57
2 9 4.12311 88
9 1 5.09902 89
1 3 6 29
3 15 5.83095 63
15 2 9.84886 52
2 16 9.48683 84
16 19 8.94427 19
19 10 6.08276 60
10 6 7.81025 24
6 17 2.23607 46
17 15 9.05539 15
15 14 4.12311 62
14 4 2.82843 83
4 16 6.32456 73
16 10 3.60555 8
10 11 3.16228 58
11 3 4 30
3 16 5 12
Coordinates:
6 1
3 4
8 10
9 4
7 7
10 2
7 9
8 1
6 6
4 9
2 3
5 4
7 6
4 0
5 5
4 1
5 1
5 10
8 3
1 9
