Number of nodes:
30
Number of edges:
232
W:
685.009
Edges (node i, node j, d_ij, q_ij):
21 20 8.544 8.544
20 9 10.8167 10.8167
9 3 9.43398 9.43398
3 24 3.60555 3.60555
24 5 6.32456 6.32456
5 28 8.94427 8.94427
28 7 10.7703 10.7703
7 10 5 5
10 29 7.81025 7.81025
29 15 7.2111 7.2111
15 11 2.23607 2.23607
11 18 9.05539 9.05539
18 17 8.06226 8.06226
17 13 5.83095 5.83095
13 16 4.12311 4.12311
16 19 7.2111 7.2111
19 1 10.198 10.198
1 12 10.4403 10.4403
12 4 5.83095 5.83095
4 0 1.41421 1.41421
0 2 7.61577 7.61577
2 14 4.12311 4.12311
14 6 3.16228 3.16228
6 27 4 4
27 25 5.83095 5.83095
25 23 7.07107 7.07107
23 26 5.09902 5.09902
26 22 8.544 8.544
22 8 4.47214 4.47214
8 18 4.12311 4.12311
18 19 4.47214 4.47214
19 29 10.0499 10.0499
29 18 6.08276 6.08276
18 23 7.61577 7.61577
23 5 1 1
5 25 8.06226 8.06226
25 18 8.94427 8.94427
18 10 6 6
10 28 7 7
28 12 4.47214 4.47214
12 8 8.24621 8.24621
8 1 5.38516 5.38516
1 24 5 5
24 21 3.16228 3.16228
21 22 3.16228 3.16228
22 10 6.7082 6.7082
10 1 6.32456 6.32456
1 28 7.81025 7.81025
28 23 8.544 8.544
23 4 4.12311 4.12311
4 21 8.48528 8.48528
21 8 1.41421 1.41421
8 17 9.48683 9.48683
17 6 7 7
6 12 5 5
12 3 8.544 8.544
3 4 5.38516 5.38516
4 13 7.07107 7.07107
13 14 4.12311 4.12311
14 16 2 2
16 12 7.81025 7.81025
12 2 7.07107 7.07107
2 1 5 5
1 9 11.1803 11.1803
9 11 11.1803 11.1803
11 12 9.43398 9.43398
12 18 4.12311 4.12311
18 3 5.65685 5.65685
3 28 6.40312 6.40312
28 27 6.08276 6.08276
27 24 4.12311 4.12311
24 13 5.65685 5.65685
13 7 4.47214 4.47214
7 4 5.83095 5.83095
4 14 3.60555 3.60555
14 21 5 5
21 11 9.84886 9.84886
11 26 4.24264 4.24264
26 25 2.82843 2.82843
25 4 3.60555 3.60555
4 29 8.60233 8.60233
29 26 9.43398 9.43398
26 5 6.08276 6.08276
5 1 3.60555 3.60555
1 16 4.47214 4.47214
16 26 4 4
26 9 7.28011 7.28011
9 17 10.2956 10.2956
17 7 3.16228 3.16228
7 27 5 5
27 13 5 5
13 11 6.40312 6.40312
11 10 3.16228 3.16228
10 5 4.12311 4.12311
5 9 11.3137 11.3137
9 28 4 4
28 2 3.16228 3.16228
2 3 4.12311 4.12311
3 16 2.82843 2.82843
16 6 5.09902 5.09902
6 13 6.40312 6.40312
13 12 10.7703 10.7703
12 7 11.3137 11.3137
7 16 3.60555 3.60555
16 23 1.41421 1.41421
23 3 3.16228 3.16228
3 21 4.12311 4.12311
21 7 9.05539 9.05539
7 29 8.24621 8.24621
29 8 2.82843 2.82843
8 16 7.28011 7.28011
16 29 6.40312 6.40312
29 1 3 3
1 7 5.38516 5.38516
7 9 12.8062 12.8062
9 2 7.07107 7.07107
2 7 9.05539 9.05539
7 11 3 3
11 5 3.60555 3.60555
5 17 3.16228 3.16228
17 28 9.05539 9.05539
28 24 2.82843 2.82843
24 19 6.08276 6.08276
19 15 7.81025 7.81025
15 0 2 2
0 6 6.08276 6.08276
6 21 4.12311 4.12311
21 23 7.28011 7.28011
23 27 2.82843 2.82843
27 21 6.40312 6.40312
21 29 1.41421 1.41421
29 17 8.60233 8.60233
17 2 8.24621 8.24621
2 24 1.41421 1.41421
24 29 4 4
29 28 6.32456 6.32456
28 15 8.24621 8.24621
15 26 4.12311 4.12311
26 24 6.40312 6.40312
24 18 2.23607 2.23607
18 28 1 1
28 25 9.84886 9.84886
25 20 6 6
20 17 1 1
17 11 1 1
11 0 2.23607 2.23607
0 24 6.32456 6.32456
24 23 6.08276 6.08276
23 0 3 3
0 29 8.48528 8.48528
29 5 6.32456 6.32456
5 0 4 4
0 22 7.2111 7.2111
22 19 10.0499 10.0499
19 8 8.544 8.544
8 10 8.06226 8.06226
10 16 2 2
16 28 7.28011 7.28011
28 11 10.0499 10.0499
11 25 5.09902 5.09902
25 13 10.4403 10.4403
13 3 2.23607 2.23607
3 19 8.24621 8.24621
19 6 5.09902 5.09902
6 2 2.23607 2.23607
2 20 8.06226 8.06226
20 28 9.21954 9.21954
28 26 7.28011 7.28011
26 3 6.32456 6.32456
3 1 2 2
1 11 7.07107 7.07107
11 22 7.81025 7.81025
22 25 11.1803 11.1803
25 14 7.2111 7.2111
14 9 7.81025 7.81025
9 16 9.21954 9.21954
16 27 1.41421 1.41421
27 5 3.60555 3.60555
5 22 4.47214 4.47214
22 3 2.23607 2.23607
3 20 4.47214 4.47214
20 5 2.23607 2.23607
5 4 5.09902 5.09902
4 15 3.16228 3.16228
15 2 7.07107 7.07107
2 27 5.38516 5.38516
27 20 3.16228 3.16228
20 18 8.24621 8.24621
18 9 4.12311 4.12311
9 4 7.61577 7.61577
4 26 1 1
26 21 9.21954 9.21954
21 19 9.21954 9.21954
19 20 8.48528 8.48528
20 26 4.47214 4.47214
26 1 8.24621 8.24621
1 14 4 4
14 10 2.82843 2.82843
10 15 2.23607 2.23607
15 24 6 6
24 9 6.32456 6.32456
9 27 7.81025 7.81025
27 15 2.23607 2.23607
15 14 3 3
14 24 3 3
24 22 4.47214 4.47214
22 6 5.38516 5.38516
6 26 5.83095 5.83095
26 19 4.47214 4.47214
19 27 5.83095 5.83095
27 14 1.41421 1.41421
14 28 5.38516 5.38516
28 22 7.2111 7.2111
22 20 6.40312 6.40312
20 24 7 7
24 10 5.38516 5.38516
10 12 6.40312 6.40312
12 29 10 10
29 11 9.43398 9.43398
11 27 4 4
27 10 1.41421 1.41421
10 6 5.09902 5.09902
6 4 5.38516 5.38516
4 19 5 5
19 7 10.6301 10.6301
7 18 9.84886 9.84886
18 22 6.7082 6.7082
22 4 7.61577 7.61577
4 2 7.2111 7.2111
2 23 7 7
23 10 3.16228 3.16228
10 21 7.81025 7.81025
Coordinates:
2 4
5 10
9 7
5 8
3 3
2 8
8 5
0 8
10 8
10 0
3 4
0 5
8 0
4 10
5 6
2 6
3 6
1 5
9 4
7 0
1 6
9 9
6 10
2 7
8 6
1 0
3 2
4 5
10 4
8 10
