Number of nodes:
30
Number of edges:
232
W:
5767.5
Edges (node i, node j, d_ij, q_ij):
0 22 3.60555 52
22 13 6.40312 91
13 23 6.40312 92
23 16 6.40312 76
16 9 9.05539 20
9 19 6.08276 21
19 15 12.0416 56
15 1 11.4018 10
1 27 2.82843 7
27 11 5.09902 93
11 10 10.6301 40
10 3 10.4403 9
3 24 8.06226 2
24 8 5 100
8 17 3 90
17 5 2.23607 33
5 25 5.38516 75
25 6 7.2111 92
6 29 2.23607 57
29 7 5.09902 54
7 2 5.65685 65
2 14 3.60555 6
14 12 6.08276 56
12 18 10.8167 62
18 20 10 43
20 4 7 17
4 28 7.28011 45
28 26 1.41421 32
26 21 7.28011 56
21 12 8.48528 23
12 15 8 37
15 10 3 7
10 4 2.23607 66
4 23 4.12311 28
23 29 4.12311 34
29 16 9.48683 85
16 8 8.24621 100
8 26 5 90
26 20 3.16228 47
20 17 8.60233 58
17 7 5 82
7 14 7.28011 86
14 25 2 66
25 24 4 83
24 11 7.81025 85
11 8 2.82843 8
8 14 2.23607 68
14 23 7.07107 11
23 18 4.47214 99
18 15 9.21954 24
15 23 5 16
23 1 9.21954 16
1 3 7.07107 81
3 21 10 72
21 23 2.23607 77
23 25 7.07107 76
25 8 4.12311 40
8 29 5.09902 74
29 27 7.2111 7
27 12 5.09902 95
12 20 1 96
20 15 8.06226 43
15 27 8.60233 54
27 24 4.12311 13
24 19 7.2111 22
19 5 4.12311 87
5 14 3.60555 50
14 22 6 73
22 5 5 28
5 28 6.7082 96
28 15 8.544 31
15 6 10.4403 9
6 26 8.48528 81
26 7 9 48
7 21 2.82843 44
21 29 3.16228 17
29 22 3 55
22 16 6.7082 11
16 26 6.40312 79
26 14 2.82843 6
14 27 1 86
27 2 4.24264 94
2 3 10 21
3 17 10.6301 66
17 18 1.41421 17
18 29 1 49
29 14 6.7082 93
14 1 2.23607 8
1 16 8.60233 22
16 5 9.05539 99
5 0 5.09902 55
0 23 4.12311 70
23 6 5.83095 93
6 19 6.32456 8
19 29 8.06226 82
29 5 4 66
5 2 1.41421 46
2 21 2.82843 31
21 19 7.28011 39
19 7 9.84886 74
7 12 8.94427 26
12 25 4.12311 21
25 13 3.60555 82
13 9 8.24621 58
9 28 7.81025 20
28 16 5 77
16 15 4 74
15 4 1.41421 75
4 18 8.06226 39
18 22 3.16228 4
22 8 5.38516 32
8 20 7.28011 24
20 9 9.43398 50
9 24 5 4
24 20 5.83095 42
20 11 9 18
11 26 6.08276 52
26 3 4.12311 34
3 9 11.4018 26
9 15 9.48683 74
15 8 10 33
8 6 3.60555 80
6 17 2 43
17 29 2.23607 77
29 25 7.81025 39
25 17 5.65685 24
17 12 9.43398 43
12 8 8.24621 84
8 10 7.81025 7
10 7 1 33
7 27 7.07107 9
27 18 6.40312 32
18 3 12.0416 5
3 15 10 43
15 22 6.08276 42
22 28 7.61577 24
28 25 1.41421 19
25 15 8.06226 15
15 26 9.84886 50
26 10 9.05539 58
10 2 6.40312 71
2 20 8.06226 33
20 7 8.544 81
7 22 2.23607 20
22 27 6.08276 36
27 4 7.2111 74
4 14 7.81025 89
14 3 6.7082 88
3 25 5 8
25 2 5 66
2 29 3.16228 61
29 10 6.08276 92
10 23 2 45
23 9 5 55
9 8 3.16228 68
8 23 6.7082 35
23 7 1 78
7 3 10.7703 62
3 0 7.2111 19
0 21 2.82843 36
21 11 7.2111 46
11 15 12.8062 27
15 14 9.21954 68
14 10 7.61577 50
10 13 5.38516 21
13 3 5.09902 9
3 27 5.83095 26
27 21 5.09902 40
21 28 6.7082 75
28 29 9.21954 75
29 1 8.24621 97
1 20 6.08276 97
20 16 4.12311 60
16 0 4 29
0 19 6.40312 68
19 14 2.82843 95
14 6 5.65685 55
6 9 1 57
9 12 10.2956 82
12 29 11.4018 62
29 4 8 22
4 9 8.24621 94
9 5 2 5
5 27 4.47214 19
27 0 3.16228 48
0 8 4.47214 24
8 13 7.07107 53
13 0 3.16228 78
0 12 5.65685 86
12 4 7.07107 23
4 5 8.94427 13
5 18 3 31
18 14 5.83095 2
14 20 5.09902 80
20 13 3 33
13 5 8 22
5 20 8.544 40
20 28 2 58
28 24 5.09902 61
24 15 5 67
15 13 5.09902 84
13 29 8.94427 9
29 11 7.07107 63
11 7 10 43
7 8 7.2111 90
8 27 3.16228 31
27 10 7.28011 38
10 5 7.81025 44
5 8 1.41421 87
8 28 5.38516 71
28 23 8.24621 57
23 26 9.05539 60
26 13 5 65
13 12 3.16228 13
12 16 4 78
16 7 5.65685 12
7 1 9.48683 36
1 8 3.16228 31
8 2 2 89
2 4 7.61577 73
4 16 3.16228 5
16 6 10.0499 2
6 21 4.12311 56
21 14 5 6
14 16 6.7082 33
16 27 5.83095 88
27 25 1 28
25 21 5.38516 25
21 17 2.23607 45
17 11 5.38516 40
11 25 6.08276 91
25 0 3 80
Coordinates:
6 6
1 3
6 2
0 10
9 9
5 1
7 0
10 6
4 2
7 1
10 7
2 0
2 10
5 9
3 4
10 10
6 10
7 2
8 1
1 2
2 9
8 4
9 4
10 5
7 6
3 6
1 6
3 5
2 7
9 1
