Number of nodes:
20
Number of edges:
53
W:
162.581
Edges (node i, node j, d_ij, q_ij):
18 15 8.48528 8.48528
15 3 11.1803 11.1803
3 5 9.84886 9.84886
5 19 5.09902 5.09902
19 8 5.65685 5.65685
8 2 2.82843 2.82843
2 1 4.12311 4.12311
1 14 7.2111 7.2111
14 12 6.7082 6.7082
12 7 10.4403 10.4403
7 13 10.0499 10.0499
13 4 8.544 8.544
4 17 5.38516 5.38516
17 10 3.16228 3.16228
10 0 1.41421 1.41421
0 11 7.2111 7.2111
11 6 8.06226 8.06226
6 9 8.06226 8.06226
9 16 5 5
16 19 2.23607 2.23607
19 17 5.09902 5.09902
17 0 4 4
0 13 6.32456 6.32456
13 17 6.32456 6.32456
17 12 7.2111 7.2111
12 3 8.06226 8.06226
3 11 2.23607 2.23607
11 7 8.544 8.544
7 18 7 7
18 9 5.83095 5.83095
9 14 8.544 8.544
14 6 7.07107 7.07107
6 3 6.32456 6.32456
3 4 8.94427 8.94427
4 8 3 3
8 17 5.09902 5.09902
17 3 3.60555 3.60555
3 13 6.40312 6.40312
13 15 10.2956 10.2956
15 0 4.24264 4.24264
0 1 1 1
1 5 7.28011 7.28011
5 17 8.48528 8.48528
17 9 6 6
9 13 7.2111 7.2111
13 19 1.41421 1.41421
19 14 3.60555 3.60555
14 16 5.09902 5.09902
16 5 3.60555 3.60555
5 15 9.05539 9.05539
15 6 8.06226 8.06226
6 10 5 5
10 18 4.47214 4.47214
Coordinates:
4 7
3 7
7 6
6 0
2 8
10 9
0 2
0 4
5 8
4 9
3 6
8 1
10 7
10 5
7 1
1 10
8 6
4 3
7 4
9 4
