Number of nodes:
20
Number of edges:
53
W:
1460.5
Edges (node i, node j, d_ij, q_ij):
2 8 2 52
8 1 5.09902 74
1 17 9 12
17 11 8.60233 66
11 13 10.198 69
13 9 12.0416 82
9 19 1.41421 14
19 15 4.12311 84
15 10 1.41421 100
10 3 5.38516 78
3 5 7.28011 36
5 14 7.61577 15
14 0 2.23607 65
0 6 9.05539 70
6 4 1.41421 47
4 12 5 8
12 18 6 73
18 7 5.83095 92
7 16 6.7082 41
16 1 7.61577 12
1 2 5.09902 24
2 0 8 88
0 8 6 58
8 19 9.89949 37
19 0 7.07107 94
0 1 8.60233 40
1 13 5 82
13 4 12.2066 21
4 8 11.6619 15
8 15 8.544 72
15 2 9.43398 72
2 10 9.21954 19
10 16 2.23607 97
16 3 7.2111 35
3 6 7.61577 84
6 11 4.12311 65
11 0 11.1803 68
0 15 8.544 98
15 7 4.24264 1
7 14 7.61577 68
14 12 5.65685 75
12 10 1.41421 36
10 13 8.60233 34
13 19 10.6301 91
19 14 5 58
14 13 8.24621 33
13 2 1 50
2 4 12.8062 30
4 15 3.60555 24
15 3 6.08276 91
3 18 2.23607 93
18 11 10.198 48
11 2 10.4403 30
Coordinates:
0 8
5 1
0 0
2 4
10 8
9 6
9 7
5 2
0 2
8 10
7 6
10 3
6 5
0 1
2 9
8 5
8 8
5 10
0 5
7 9
