Number of nodes:
30
Number of edges:
232
W:
0
Edges (node i, node j, d_ij, q_ij):
24 4 3.16228 3.16228
4 14 4.24264 4.24264
14 12 3.60555 3.60555
12 23 2.82843 2.82843
23 22 4 4
22 19 7.2111 7.2111
19 21 7.61577 7.61577
21 16 7.61577 7.61577
16 18 10.0499 10.0499
18 29 4 4
29 28 5 5
28 20 1 1
20 8 8 8
8 1 8.48528 8.48528
1 10 5 5
10 17 4.24264 4.24264
17 13 6 6
13 15 5.09902 5.09902
15 3 2.23607 2.23607
3 11 5 5
11 2 9.21954 9.21954
2 9 11.4018 11.4018
9 5 3.16228 3.16228
5 27 3 3
27 26 4.12311 4.12311
26 0 5.09902 5.09902
0 6 9.84886 9.84886
6 7 7.61577 7.61577
7 25 7.81025 7.81025
25 2 4.47214 4.47214
2 24 6.32456 6.32456
24 15 2.23607 2.23607
15 17 7.07107 7.07107
17 28 8 8
28 2 6.7082 6.7082
2 19 5.38516 5.38516
19 11 9.05539 9.05539
11 7 8.24621 8.24621
7 9 8.06226 8.06226
9 3 3.16228 3.16228
3 5 4.47214 4.47214
5 2 8.48528 8.48528
2 16 8.06226 8.06226
16 14 3 3
14 9 5.09902 5.09902
9 20 6 6
20 14 1.41421 1.41421
14 21 5 5
21 26 3.60555 3.60555
26 3 5.83095 5.83095
3 1 1.41421 1.41421
1 20 6.32456 6.32456
20 27 5 5
27 8 5 5
8 7 5 5
7 17 5.09902 5.09902
17 1 9.21954 9.21954
1 28 6.08276 6.08276
28 4 4.12311 4.12311
4 27 2.23607 2.23607
27 13 5.83095 5.83095
13 25 9.21954 9.21954
25 29 2.82843 2.82843
29 16 6.08276 6.08276
16 0 9.21954 9.21954
0 1 1.41421 1.41421
1 25 7.07107 7.07107
25 6 2.23607 2.23607
6 2 2.23607 2.23607
2 7 8.06226 8.06226
7 20 9.43398 9.43398
20 16 2.23607 2.23607
16 11 5.09902 5.09902
11 22 4.24264 4.24264
22 24 3.60555 3.60555
24 18 7.2111 7.2111
18 26 10.2956 10.2956
26 15 5 5
15 29 8.06226 8.06226
29 3 10.198 10.198
3 6 9.21954 9.21954
6 15 7.07107 7.07107
15 4 2.23607 2.23607
4 26 2.82843 2.82843
26 12 2.23607 2.23607
12 9 2.23607 2.23607
9 29 10.2956 10.2956
29 8 4.24264 4.24264
8 17 1 1
17 21 8.60233 8.60233
21 1 1 1
1 4 2 2
4 12 1 1
12 18 10.6301 10.6301
18 15 9.43398 9.43398
15 2 8.544 8.544
2 10 6.08276 6.08276
10 12 5.09902 5.09902
12 28 4 4
28 0 7 7
0 11 4.12311 4.12311
11 25 5 5
25 22 7 7
22 3 1 1
3 10 5 5
10 27 2 2
27 29 6.08276 6.08276
29 6 1 1
6 14 6.7082 6.7082
14 10 7.28011 7.28011
10 6 5.09902 5.09902
6 26 6.40312 6.40312
26 8 8.24621 8.24621
8 4 7.2111 7.2111
4 9 2.82843 2.82843
9 13 9 9
13 6 8.94427 8.94427
6 21 7.61577 7.61577
21 28 5.09902 5.09902
28 26 2.23607 2.23607
26 20 2 2
20 24 5.83095 5.83095
24 5 4 4
5 4 1.41421 1.41421
4 2 8.60233 8.60233
2 0 11.6619 11.6619
0 25 8.24621 8.24621
25 26 4.24264 4.24264
26 5 1.41421 1.41421
5 11 1 1
11 20 3 3
20 23 3.60555 3.60555
23 0 5.38516 5.38516
0 5 4 4
5 6 6.40312 6.40312
6 19 5.65685 5.65685
19 26 9 9
26 16 4.12311 4.12311
16 10 8.60233 8.60233
10 15 2.82843 2.82843
15 9 4.12311 4.12311
9 10 6.7082 6.7082
10 7 2.82843 2.82843
7 29 8.544 8.544
29 4 7.61577 7.61577
4 0 3.16228 3.16228
0 19 9.43398 9.43398
19 15 5.83095 5.83095
15 12 3.16228 3.16228
12 7 7.07107 7.07107
7 27 4.47214 4.47214
27 25 4.12311 4.12311
25 14 4.47214 4.47214
14 19 10.0499 10.0499
19 3 7.81025 7.81025
3 13 6.08276 6.08276
13 10 4.24264 4.24264
10 29 6.08276 6.08276
29 20 5.83095 5.83095
20 25 3.16228 3.16228
25 5 4.47214 4.47214
5 12 1 1
12 16 6.32456 6.32456
16 3 9.84886 9.84886
3 8 8.60233 8.60233
8 23 5.38516 5.38516
23 2 6.40312 6.40312
2 27 6.7082 6.7082
27 15 2 2
15 16 8.60233 8.60233
16 22 8.94427 8.94427
22 29 9.21954 9.21954
29 11 7.81025 7.81025
11 18 10.8167 10.8167
18 21 10.6301 10.6301
21 11 2.82843 2.82843
11 15 4.47214 4.47214
15 5 3.60555 3.60555
5 8 7.61577 7.61577
8 28 7 7
28 15 5.83095 5.83095
15 14 6.40312 6.40312
14 2 8.94427 8.94427
2 26 8.60233 8.60233
26 11 1 1
11 27 4 4
27 12 3.16228 3.16228
12 24 4.12311 4.12311
24 27 1 1
27 28 4.24264 4.24264
28 23 2.82843 2.82843
23 16 5.65685 5.65685
16 5 5.38516 5.38516
5 21 2.23607 2.23607
21 8 7.81025 7.81025
8 2 3.16228 3.16228
2 22 9.84886 9.84886
22 14 6.40312 6.40312
14 11 2.23607 2.23607
11 12 1.41421 1.41421
12 22 2.82843 2.82843
22 15 1.41421 1.41421
15 21 2 2
21 27 2.82843 2.82843
27 16 7.07107 7.07107
16 8 9.21954 9.21954
8 22 7.81025 7.81025
22 17 8.48528 8.48528
17 16 10.198 10.198
16 19 10.7703 10.7703
19 28 8.24621 8.24621
28 3 7.28011 7.28011
3 4 3.16228 3.16228
4 6 6.7082 6.7082
6 8 3.60555 3.60555
8 13 6.08276 6.08276
13 1 7 7
1 23 4.12311 4.12311
23 25 3 3
25 8 5.09902 5.09902
8 14 9.05539 9.05539
14 23 4.12311 4.12311
23 18 7.81025 7.81025
18 1 11.4018 11.4018
1 9 2 2
9 8 10 10
8 15 6.40312 6.40312
15 1 2.23607 2.23607
1 24 4.24264 4.24264
24 11 5 5
11 23 3.16228 3.16228
23 24 2.23607 2.23607
Coordinates:
0 2
1 3
10 8
0 4
3 3
4 2
9 6
2 9
7 9
1 1
4 7
4 1
3 2
1 10
6 0
2 5
9 0
7 10
10 10
5 10
7 1
2 3
1 4
5 4
4 6
8 4
5 1
4 5
7 2
10 6
