Number of nodes:
30
Number of edges:
110
W:
303.782
Edges (node i, node j, d_ij, q_ij):
15 14 5 5
14 10 5.83095 5.83095
10 4 8.24621 8.24621
4 12 3.16228 3.16228
12 22 4 4
22 7 1 1
7 25 6.7082 6.7082
25 9 11.1803 11.1803
9 11 7.61577 7.61577
11 29 1.41421 1.41421
29 3 4.47214 4.47214
3 21 4.12311 4.12311
21 23 2.82843 2.82843
23 17 4.12311 4.12311
17 20 4.47214 4.47214
20 2 4.24264 4.24264
2 16 6.7082 6.7082
16 18 7.81025 7.81025
18 8 5.83095 5.83095
8 13 10.198 10.198
13 27 7.07107 7.07107
27 0 6.40312 6.40312
0 24 5.65685 5.65685
24 28 5.83095 5.83095
28 6 8.24621 8.24621
6 26 5.83095 5.83095
26 19 6.32456 6.32456
19 5 8.06226 8.06226
5 1 6.08276 6.08276
1 8 7.81025 7.81025
8 25 6.08276 6.08276
25 4 4.47214 4.47214
4 3 7.28011 7.28011
3 9 8 8
9 16 12.2066 12.2066
16 15 2.23607 2.23607
15 11 5.09902 5.09902
11 18 3.16228 3.16228
18 15 7.2111 7.2111
15 2 5.65685 5.65685
2 19 3.60555 3.60555
19 10 10 10
10 27 7.81025 7.81025
27 6 5 5
6 0 9.05539 9.05539
0 20 2.23607 2.23607
20 7 3.16228 3.16228
7 13 3.16228 3.16228
13 2 5.83095 5.83095
2 27 2 2
27 7 4.47214 4.47214
7 11 5.83095 5.83095
11 23 2.23607 2.23607
23 13 7.28011 7.28011
13 26 4.12311 4.12311
26 23 3.16228 3.16228
23 9 9.21954 9.21954
9 26 9.43398 9.43398
26 5 7.81025 7.81025
5 29 5.83095 5.83095
29 28 4.12311 4.12311
28 21 4 4
21 17 2.23607 2.23607
17 5 4.47214 4.47214
5 3 5.09902 5.09902
3 28 8.06226 8.06226
28 20 1 1
20 27 5.83095 5.83095
27 17 3.16228 3.16228
17 24 3.60555 3.60555
24 16 8.24621 8.24621
16 28 3.16228 3.16228
28 9 10.6301 10.6301
9 13 11.4018 11.4018
13 16 3.60555 3.60555
16 21 4.24264 4.24264
21 15 4.12311 4.12311
15 20 1.41421 1.41421
20 16 3 3
16 8 8.06226 8.06226
8 12 9 9
12 25 3.16228 3.16228
25 13 5 5
13 5 10.7703 10.7703
5 11 5.65685 5.65685
11 21 1 1
21 27 5 5
27 26 6.08276 6.08276
26 28 3.16228 3.16228
28 12 2 2
12 24 7.61577 7.61577
24 7 3.60555 3.60555
7 17 5.09902 5.09902
17 3 4.24264 4.24264
3 23 2.23607 2.23607
23 27 7.28011 7.28011
27 18 2.82843 2.82843
18 9 4.47214 4.47214
9 6 5 5
6 4 7.07107 7.07107
4 26 2.82843 2.82843
26 24 6 6
24 25 8 8
25 2 6.08276 6.08276
2 0 5.38516 5.38516
0 29 5 5
29 7 4.47214 4.47214
7 4 2.23607 2.23607
4 5 8.544 8.544
5 15 10.2956 10.2956
Coordinates:
10 6
6 4
5 4
1 8
8 6
0 3
1 5
9 4
0 9
1 0
0 8
4 7
9 9
10 7
5 5
9 8
8 10
4 5
3 4
8 2
8 7
5 7
9 5
3 9
6 2
6 10
6 8
5 2
9 7
5 6
