Number of nodes:
30
Number of edges:
162
W:
0
Edges (node i, node j, d_ij, q_ij):
11 5 6.08276 6.08276
5 9 6.40312 6.40312
9 25 5 5
25 3 3.16228 3.16228
3 7 2.23607 2.23607
7 14 7.2111 7.2111
14 19 7.61577 7.61577
19 0 7 7
0 18 11.4018 11.4018
18 1 5 5
1 12 3.16228 3.16228
12 13 5 5
13 16 5.83095 5.83095
16 23 4.47214 4.47214
23 21 10.2956 10.2956
21 8 5 5
8 6 7.2111 7.2111
6 24 8.06226 8.06226
24 17 3 3
17 4 10.2956 10.2956
4 15 7 7
15 20 7.07107 7.07107
20 22 10.7703 10.7703
22 29 4.24264 4.24264
29 10 2.82843 2.82843
10 28 8.06226 8.06226
28 2 8.06226 8.06226
2 26 1.41421 1.41421
26 27 4.47214 4.47214
27 4 1 1
4 1 8.94427 8.94427
1 29 7.28011 7.28011
29 5 4.47214 4.47214
5 25 8 8
25 0 8.94427 8.94427
0 21 3.16228 3.16228
21 6 10.8167 10.8167
6 26 3 3
26 15 3.16228 3.16228
15 9 6.7082 6.7082
9 27 4.12311 4.12311
27 17 11.1803 11.1803
17 3 6.08276 6.08276
3 9 3 3
9 16 5 5
16 8 2.23607 2.23607
8 25 7.28011 7.28011
25 13 3.16228 3.16228
13 2 5.09902 5.09902
2 17 7.28011 7.28011
17 6 8.24621 8.24621
6 25 2.23607 2.23607
25 18 3.16228 3.16228
18 3 5.65685 5.65685
3 15 4.24264 4.24264
15 13 1.41421 1.41421
13 28 8.06226 8.06226
28 19 10 10
19 6 6 6
6 12 4.47214 4.47214
12 14 7.61577 7.61577
14 25 10.6301 10.6301
25 21 9.89949 9.89949
21 9 5 5
9 2 2.23607 2.23607
2 22 5.09902 5.09902
22 6 9.21954 9.21954
6 10 10.6301 10.6301
10 1 9.84886 9.84886
1 0 8.06226 8.06226
0 2 6.32456 6.32456
2 23 4 4
23 26 3.16228 3.16228
26 5 7.07107 7.07107
5 13 7.61577 7.61577
13 23 1.41421 1.41421
23 0 8.48528 8.48528
0 16 4.47214 4.47214
16 5 2 2
5 6 7.28011 7.28011
6 1 3.16228 3.16228
1 16 3.60555 3.60555
16 10 6.32456 6.32456
10 14 1 1
14 3 7.81025 7.81025
3 1 4.12311 4.12311
1 15 4.12311 4.12311
15 5 8.24621 8.24621
5 23 6.32456 6.32456
23 25 2.82843 2.82843
25 19 4.12311 4.12311
19 13 7 7
13 8 7.81025 7.81025
8 15 8.06226 8.06226
15 28 9 9
28 26 8.544 8.544
26 20 7.2111 7.2111
20 27 11.3137 11.3137
27 5 10.2956 10.2956
5 3 5.09902 5.09902
3 2 1.41421 1.41421
2 24 8.60233 8.60233
24 7 9.21954 9.21954
7 28 8.60233 8.60233
28 25 9.21954 9.21954
25 26 1.41421 1.41421
26 24 8.94427 8.94427
24 1 5 5
1 8 5.83095 5.83095
8 29 2.23607 2.23607
29 20 7.07107 7.07107
20 4 10.6301 10.6301
4 14 8.24621 8.24621
14 9 5.83095 5.83095
9 24 9.21954 9.21954
24 8 5.38516 5.38516
8 11 5.83095 5.83095
11 6 1.41421 1.41421
6 20 6.08276 6.08276
20 11 5.38516 5.38516
11 25 2.23607 2.23607
25 16 6 6
16 20 3.16228 3.16228
20 10 9.05539 9.05539
10 27 9.05539 9.05539
27 1 9.43398 9.43398
1 20 3 3
20 23 5.09902 5.09902
23 29 7.2111 7.2111
29 16 4 4
16 15 6.32456 6.32456
15 24 9.05539 9.05539
24 21 10.198 10.198
21 20 10 10
20 0 7.07107 7.07107
0 5 4 4
5 14 7 7
14 17 7.07107 7.07107
17 22 9.21954 9.21954
22 7 4.12311 4.12311
7 12 4.24264 4.24264
12 18 6.7082 6.7082
18 5 9.48683 9.48683
5 21 7.07107 7.07107
21 4 7.28011 7.28011
4 2 3.60555 3.60555
2 29 4.47214 4.47214
29 9 3 3
9 1 7.07107 7.07107
1 7 6.32456 6.32456
7 27 3.60555 3.60555
27 15 7.07107 7.07107
15 21 11.4018 11.4018
21 27 8.24621 8.24621
27 8 8.544 8.544
8 17 2.82843 2.82843
17 21 7.28011 7.28011
21 22 4 4
22 24 11.6619 11.6619
24 28 1 1
28 21 9.21954 9.21954
21 11 9.43398 9.43398
Coordinates:
3 9
10 5
5 3
6 4
2 1
7 9
9 2
4 3
5 8
3 4
1 9
8 3
7 6
10 2
0 9
9 1
7 7
7 10
10 0
3 2
10 8
0 8
0 4
9 3
10 10
7 1
6 2
2 0
9 10
3 7
