Number of nodes:
20
Number of edges:
53
W:
0
Edges (node i, node j, d_ij, q_ij):
8 14 4.12311 4.12311
14 17 5.38516 5.38516
17 0 3.16228 3.16228
0 18 5.83095 5.83095
18 3 3 3
3 10 5.09902 5.09902
10 11 3.16228 3.16228
11 2 6 6
2 5 5.65685 5.65685
5 9 9.21954 9.21954
9 16 4.12311 4.12311
16 19 8.544 8.544
19 1 5 5
1 7 6.08276 6.08276
7 4 2.82843 2.82843
4 13 9.89949 9.89949
13 15 11.4018 11.4018
15 12 9.48683 9.48683
12 6 1 1
6 10 3.16228 3.16228
10 15 6.7082 6.7082
15 9 5.09902 5.09902
9 6 6.40312 6.40312
6 1 8.94427 8.94427
1 11 10 10
11 14 7.07107 7.07107
14 13 9.21954 9.21954
13 7 10.2956 10.2956
7 2 3 3
2 13 7.81025 7.81025
13 3 4.12311 4.12311
3 19 6.40312 6.40312
19 2 2.23607 2.23607
2 14 1.41421 1.41421
14 4 1 1
4 19 3.16228 3.16228
19 18 5.09902 5.09902
18 13 7.07107 7.07107
13 12 4 4
12 9 5.65685 5.65685
9 4 3.16228 3.16228
4 15 2 2
15 7 2 2
7 9 5.83095 5.83095
9 10 4.12311 4.12311
10 7 6.08276 6.08276
7 17 5.65685 5.65685
17 2 4.12311 4.12311
2 9 3.60555 3.60555
9 0 6.32456 6.32456
0 4 7.07107 7.07107
4 11 7.28011 7.28011
11 8 3 3
Coordinates:
4 8
1 2
7 4
1 6
9 3
3 0
5 10
7 1
7 7
10 6
6 7
7 10
6 10
2 10
8 3
9 1
9 10
3 5
1 3
6 2
