Number of nodes:
30
Number of edges:
232
W:
6572.29
Edges (node i, node j, d_ij, q_ij):
18 3 10 10
3 12 4.24264 4.24264
12 28 7.2111 7.2111
28 21 9.84886 9.84886
21 4 7.61577 7.61577
4 9 3 3
9 11 2.23607 2.23607
11 6 5.38516 5.38516
6 2 8.60233 8.60233
2 13 5.09902 5.09902
13 24 1.41421 1.41421
24 0 7.28011 7.28011
0 23 5.38516 5.38516
23 27 7.07107 7.07107
27 7 1.41421 1.41421
7 22 6.32456 6.32456
22 26 5.38516 5.38516
26 19 4 4
19 10 5.38516 5.38516
10 17 8 8
17 14 4.12311 4.12311
14 25 1 1
25 29 3.60555 3.60555
29 20 9.43398 9.43398
20 8 4.47214 4.47214
8 1 5.09902 5.09902
1 5 2.23607 2.23607
5 15 5.83095 5.83095
15 16 10.8167 10.8167
16 8 6.32456 6.32456
8 6 7.07107 7.07107
6 20 3.16228 3.16228
20 11 6.08276 6.08276
11 7 7 7
7 13 8.24621 8.24621
13 26 5 5
26 10 2.23607 2.23607
10 28 11.4018 11.4018
28 29 12.0416 12.0416
29 16 1 1
16 23 7.07107 7.07107
23 10 8.24621 8.24621
10 18 2 2
18 12 5.83095 5.83095
12 0 2.23607 2.23607
0 6 7.81025 7.81025
6 3 2 2
3 23 6 6
23 15 5.38516 5.38516
15 22 6.7082 6.7082
22 5 1 1
5 20 5 5
20 24 8.94427 8.94427
24 25 7.61577 7.61577
25 13 6.32456 6.32456
13 17 8.48528 8.48528
17 0 5 5
0 16 3.60555 3.60555
16 26 4.12311 4.12311
26 3 6.7082 6.7082
3 15 2.23607 2.23607
15 9 5.38516 5.38516
9 29 8.06226 8.06226
29 8 6.08276 6.08276
8 28 8.24621 8.24621
28 4 2.23607 2.23607
4 23 7 7
23 1 6.32456 6.32456
1 14 5.38516 5.38516
14 5 7.07107 7.07107
5 0 6.32456 6.32456
0 14 1.41421 1.41421
14 21 1.41421 1.41421
21 0 2.82843 2.82843
0 15 7.61577 7.61577
15 17 3.60555 3.60555
17 2 7.07107 7.07107
2 27 8.94427 8.94427
27 1 3.16228 3.16228
1 2 5.83095 5.83095
2 5 6.40312 6.40312
5 28 4.12311 4.12311
28 6 1.41421 1.41421
6 27 1.41421 1.41421
27 15 2.23607 2.23607
15 6 3.60555 3.60555
6 17 6 6
17 11 6.40312 6.40312
11 29 6.32456 6.32456
29 18 1 1
18 26 3.60555 3.60555
26 12 3 3
12 16 5.65685 5.65685
16 28 12.8062 12.8062
28 14 9.43398 9.43398
14 11 5.09902 5.09902
11 12 3.60555 3.60555
12 24 7.2111 7.2111
24 19 2.23607 2.23607
19 20 7.28011 7.28011
20 22 5.83095 5.83095
22 9 1.41421 1.41421
9 12 4 4
12 22 5.09902 5.09902
22 14 7 7
14 12 2.23607 2.23607
12 8 2.82843 2.82843
8 3 5.09902 5.09902
3 27 1.41421 1.41421
27 14 7.81025 7.81025
14 9 6.08276 6.08276
9 23 7.61577 7.61577
23 5 8.544 8.544
5 13 3 3
13 29 8.06226 8.06226
29 3 9.21954 9.21954
3 19 6.08276 6.08276
19 2 4.12311 4.12311
2 23 7.61577 7.61577
23 24 11.4018 11.4018
24 27 8.24621 8.24621
27 17 5.09902 5.09902
17 9 5.83095 5.83095
9 21 7 7
21 27 8.06226 8.06226
27 18 11.4018 11.4018
18 14 4.12311 4.12311
14 10 4.12311 4.12311
10 5 7.81025 7.81025
5 11 2.82843 2.82843
11 19 1.41421 1.41421
19 27 7 7
27 12 5.65685 5.65685
12 25 1.41421 1.41421
25 20 5.83095 5.83095
20 9 4.47214 4.47214
9 6 3.16228 3.16228
6 21 8.544 8.544
21 29 4 4
29 6 10.6301 10.6301
6 18 11.3137 11.3137
18 16 1.41421 1.41421
16 4 10.6301 10.6301
4 27 1 1
27 9 4 4
9 19 3 3
19 14 6.32456 6.32456
14 2 3.60555 3.60555
2 25 3.16228 3.16228
25 15 6.7082 6.7082
15 21 7.07107 7.07107
21 12 3 3
12 23 4.24264 4.24264
23 7 6.32456 6.32456
7 16 11.4018 11.4018
16 20 10 10
20 18 10.2956 10.2956
18 9 8.60233 8.60233
9 25 5.09902 5.09902
25 8 3.16228 3.16228
8 15 5 5
15 7 1 1
7 19 8.06226 8.06226
19 12 5 5
12 15 5.38516 5.38516
15 26 8.24621 8.24621
26 20 7.28011 7.28011
20 1 3.16228 3.16228
1 22 2.82843 2.82843
22 19 2.23607 2.23607
19 28 7.28011 7.28011
28 11 6.7082 6.7082
11 4 5.09902 5.09902
4 12 5 5
12 20 4.47214 4.47214
20 2 8.24621 8.24621
2 10 1.41421 1.41421
10 20 9.48683 9.48683
20 7 1.41421 1.41421
7 14 7.81025 7.81025
14 6 8.06226 8.06226
6 22 4 4
22 13 2 2
13 19 1 1
19 4 6 6
4 17 5 5
17 26 6.08276 6.08276
26 9 5 5
9 8 6.32456 6.32456
8 22 7.61577 7.61577
22 21 8.06226 8.06226
21 2 5 5
2 26 1 1
26 1 5 5
1 28 4.24264 4.24264
28 13 7.07107 7.07107
13 3 6.32456 6.32456
3 1 2 2
1 15 4.12311 4.12311
15 29 10.2956 10.2956
29 22 8.544 8.544
22 27 5.09902 5.09902
27 29 10.6301 10.6301
29 5 8.94427 8.94427
5 8 7.28011 7.28011
8 23 1.41421 1.41421
23 26 6.7082 6.7082
26 5 5.83095 5.83095
5 18 9.43398 9.43398
18 17 8.24621 8.24621
17 16 7.61577 7.61577
16 14 3.60555 3.60555
14 4 7.2111 7.2111
4 15 2.82843 2.82843
15 10 10.4403 10.4403
10 12 5.09902 5.09902
12 6 5.83095 5.83095
6 5 3 3
5 16 9.84886 9.84886
16 13 9.05539 9.05539
13 8 8.60233 8.60233
8 10 7.07107 7.07107
10 4 9.43398 9.43398
4 18 10.6301 10.6301
18 2 3.16228 3.16228
2 0 2.23607 2.23607
0 28 9.21954 9.21954
28 24 8 8
24 11 3.60555 3.60555
11 25 4.12311 4.12311
25 0 1 1
0 18 3.60555 3.60555
Coordinates:
7 7
3 4
6 9
3 2
2 2
1 5
1 2
3 0
8 3
2 5
7 10
3 7
6 5
1 8
8 6
4 0
10 9
7 2
9 10
2 8
4 1
9 5
1 6
9 2
0 9
7 6
6 8
2 1
0 1
9 9
