Number of nodes:
30
Number of edges:
110
W:
0
Edges (node i, node j, d_ij, q_ij):
0 4 8 8
4 23 2 2
23 22 1 1
22 9 2.23607 2.23607
9 12 2 2
12 7 4.24264 4.24264
7 18 5 5
18 13 3.16228 3.16228
13 1 9.48683 9.48683
1 28 9.48683 9.48683
28 11 8.544 8.544
11 26 9.48683 9.48683
26 20 9.05539 9.05539
20 21 7.28011 7.28011
21 15 6.40312 6.40312
15 27 2.23607 2.23607
27 25 6.32456 6.32456
25 16 6.40312 6.40312
16 6 5 5
6 2 7.28011 7.28011
2 8 5.83095 5.83095
8 17 7.28011 7.28011
17 29 7.2111 7.2111
29 24 5 5
24 5 1.41421 1.41421
5 14 8.94427 8.94427
14 19 7.61577 7.61577
19 3 9.21954 9.21954
3 10 3 3
10 4 7.07107 7.07107
4 21 9.43398 9.43398
21 5 3.60555 3.60555
5 3 9.43398 9.43398
3 7 3.60555 3.60555
7 27 5 5
27 23 5 5
23 13 10.4403 10.4403
13 2 5 5
2 0 8 8
0 27 5.38516 5.38516
27 24 6.08276 6.08276
24 26 8.48528 8.48528
26 28 6.08276 6.08276
28 21 3.16228 3.16228
21 8 5 5
8 29 2.23607 2.23607
29 3 10.2956 10.2956
3 27 7.61577 7.61577
27 12 3.60555 3.60555
12 17 1 1
17 20 6.40312 6.40312
20 6 3 3
6 24 3.60555 3.60555
24 7 7.2111 7.2111
7 10 3.16228 3.16228
10 2 9.05539 9.05539
2 9 10.2956 10.2956
9 1 3 3
1 6 8.60233 8.60233
6 23 8.06226 8.06226
23 28 13.4536 13.4536
28 2 1 1
2 5 3.16228 3.16228
5 29 5 5
29 22 6 6
22 10 6.08276 6.08276
10 23 7.07107 7.07107
23 14 1.41421 1.41421
14 7 7.61577 7.61577
7 17 5 5
17 11 8.06226 8.06226
11 15 5.83095 5.83095
15 25 8.544 8.544
25 4 8.06226 8.06226
4 6 6.08276 6.08276
6 28 8.24621 8.24621
28 10 9.21954 9.21954
10 15 3.16228 3.16228
15 8 5.09902 5.09902
8 9 6 6
9 21 7.81025 7.81025
21 18 4 4
18 11 3 3
11 0 8.60233 8.60233
0 19 7.2111 7.2111
19 17 8.06226 8.06226
17 23 5 5
23 9 3.16228 3.16228
9 11 6.32456 6.32456
11 22 7 7
22 6 8 8
6 25 2 2
25 20 5 5
20 15 4.24264 4.24264
15 4 4 4
4 11 5.09902 5.09902
11 19 3.16228 3.16228
19 18 1 1
18 17 7.07107 7.07107
17 16 5 5
16 8 2.82843 2.82843
8 27 3 3
27 22 4.47214 4.47214
22 5 9.84886 9.84886
5 13 2.23607 2.23607
13 15 8.06226 8.06226
15 5 7.07107 7.07107
5 26 7.07107 7.07107
26 15 6.32456 6.32456
15 0 4 4
Coordinates:
2 8
4 9
2 0
0 9
10 8
5 1
9 2
2 6
7 3
7 9
3 9
9 3
5 9
7 0
9 9
6 8
5 5
5 10
6 3
6 2
9 5
2 3
9 10
10 10
6 0
9 0
0 6
7 6
1 0
9 4
