Number of nodes:
30
Number of edges:
162
W:
446.907
Edges (node i, node j, d_ij, q_ij):
9 4 4.12311 4.12311
4 13 6.40312 6.40312
13 8 2.82843 2.82843
8 10 2 2
10 14 5.83095 5.83095
14 6 7.07107 7.07107
6 26 7 7
26 25 6.7082 6.7082
25 5 2.82843 2.82843
5 1 5.65685 5.65685
1 17 9.21954 9.21954
17 19 5.09902 5.09902
19 20 8.544 8.544
20 23 9.21954 9.21954
23 0 3.60555 3.60555
0 27 5 5
27 15 2.23607 2.23607
15 22 4.24264 4.24264
22 3 2 2
3 16 2.23607 2.23607
16 18 7.2111 7.2111
18 11 1.41421 1.41421
11 28 5.38516 5.38516
28 29 5.09902 5.09902
29 2 5.83095 5.83095
2 24 4 4
24 21 5.83095 5.83095
21 12 7.2111 7.2111
12 7 4.12311 4.12311
7 23 7.07107 7.07107
23 4 2.82843 2.82843
4 1 5.38516 5.38516
1 8 8 8
8 27 5 5
27 13 7.81025 7.81025
13 18 9.21954 9.21954
18 28 6.08276 6.08276
28 16 5.38516 5.38516
16 10 5 5
10 4 5.38516 5.38516
4 16 2.82843 2.82843
16 13 6.7082 6.7082
13 1 10.198 10.198
1 15 2.82843 2.82843
15 13 8.94427 8.94427
13 12 5.83095 5.83095
12 9 6 6
9 26 8.544 8.544
26 20 10.6301 10.6301
20 27 5 5
27 17 7.07107 7.07107
17 22 8.06226 8.06226
22 28 3.16228 3.16228
28 6 6 6
6 17 7.28011 7.28011
17 3 6.40312 6.40312
3 0 5.09902 5.09902
0 18 3.60555 3.60555
18 27 4.24264 4.24264
27 1 5 5
1 24 2 2
24 14 7.61577 7.61577
14 15 5.83095 5.83095
15 18 2.23607 2.23607
18 19 3.16228 3.16228
19 0 1 1
0 4 4.12311 4.12311
4 24 5 5
24 8 8.24621 8.24621
8 9 7.61577 7.61577
9 7 6.40312 6.40312
7 10 8.06226 8.06226
10 3 5.83095 5.83095
3 24 5.09902 5.09902
24 0 5.65685 5.65685
0 12 5.83095 5.83095
12 16 1 1
16 20 6.7082 6.7082
20 11 6.08276 6.08276
11 4 5.09902 5.09902
4 15 3 3
15 3 3.16228 3.16228
3 26 5 5
26 22 6.40312 6.40312
22 27 2.23607 2.23607
27 4 1.41421 1.41421
4 8 3.60555 3.60555
8 18 7 7
18 26 8 8
26 12 3.60555 3.60555
12 19 5 5
19 22 6.08276 6.08276
22 6 5.83095 5.83095
6 13 8.24621 8.24621
13 22 8.60233 8.60233
22 7 2.23607 2.23607
7 20 5 5
20 4 6.40312 6.40312
4 28 5 5
28 10 10 10
10 20 11.4018 11.4018
20 0 9.48683 9.48683
0 1 4.47214 4.47214
1 3 5.83095 5.83095
3 7 4.12311 4.12311
7 4 5.09902 5.09902
4 29 2.23607 2.23607
29 10 7.07107 7.07107
10 27 6.7082 6.7082
27 3 1 1
3 6 4.24264 4.24264
6 29 1.41421 1.41421
29 3 2.82843 2.82843
3 21 6.32456 6.32456
21 4 5.38516 5.38516
4 14 3.60555 3.60555
14 13 7.61577 7.61577
13 2 12.8062 12.8062
2 19 8.06226 8.06226
19 5 5 5
5 10 7.2111 7.2111
10 1 10 10
1 20 7.07107 7.07107
20 8 9.89949 9.89949
8 21 5.83095 5.83095
21 22 8.24621 8.24621
22 14 2 2
14 29 5.65685 5.65685
29 1 3.16228 3.16228
1 21 4.24264 4.24264
21 26 6.7082 6.7082
26 23 2 2
23 15 5.38516 5.38516
15 11 2.23607 2.23607
11 26 9.05539 9.05539
26 13 2.23607 2.23607
13 25 8.94427 8.94427
25 29 5.83095 5.83095
29 20 6.32456 6.32456
20 12 7.2111 7.2111
12 8 3.16228 3.16228
8 25 6.32456 6.32456
25 11 7.81025 7.81025
11 23 7.07107 7.07107
23 22 5.38516 5.38516
22 16 2.23607 2.23607
16 23 4 4
23 25 6.08276 6.08276
25 7 1 1
7 17 9.48683 9.48683
17 23 2.82843 2.82843
23 5 5 5
5 15 2.82843 2.82843
15 29 1.41421 1.41421
29 21 4 4
21 7 10.4403 10.4403
7 18 8.60233 8.60233
18 24 2.23607 2.23607
24 26 9.21954 9.21954
26 17 2 2
17 10 2.23607 2.23607
10 9 9.48683 9.48683
Coordinates:
4 1
0 3
0 9
5 6
5 5
4 7
2 3
6 10
8 3
1 6
10 3
0 4
7 6
10 1
7 8
2 5
7 7
9 1
1 3
4 2
1 10
3 0
5 8
7 3
0 5
6 9
9 3
4 6
2 9
3 4
