Number of nodes:
30
Number of edges:
110
W:
0
Edges (node i, node j, d_ij, q_ij):
22 2 8.24621 85
2 23 3.60555 11
23 24 9.43398 50
24 26 9.05539 56
26 0 2 2
0 7 4 91
7 6 2.82843 48
6 3 6.40312 43
3 10 3 84
10 9 6.08276 4
9 19 7 13
19 4 6.40312 89
4 27 1 8
27 8 1.41421 12
8 18 5.38516 97
18 5 1.41421 12
5 20 9.48683 20
20 16 8.94427 72
16 14 2 53
14 17 6.40312 92
17 25 4.47214 25
25 21 1 97
21 12 6.32456 31
12 28 1.41421 88
28 1 4.47214 44
1 11 3.16228 37
11 15 7.2111 66
15 29 8.60233 63
29 13 5.83095 53
13 22 6.40312 35
22 18 6.08276 4
18 26 8.544 90
26 11 3.60555 97
11 6 4.12311 5
6 1 6.40312 97
1 23 10.7703 98
23 4 4.47214 95
4 10 6.40312 97
10 16 2.23607 93
16 28 4.47214 30
28 2 6.7082 100
2 6 4.24264 57
6 4 2.23607 18
4 12 4.24264 59
12 13 2 68
13 20 5.09902 66
20 7 3.60555 23
7 22 9.89949 87
22 8 7.2111 38
8 10 4.24264 75
10 22 3.16228 78
22 3 1 62
3 15 4 72
15 4 7.07107 9
4 0 3 1
0 17 4.47214 67
17 11 5 97
11 18 7.07107 67
18 28 5.65685 81
28 17 3.60555 50
17 24 4.24264 1
24 22 2 36
22 21 9.21954 39
21 2 1 98
2 11 8.06226 41
11 7 6.08276 35
7 13 3.60555 47
13 26 5.38516 87
26 10 6.32456 31
10 18 5.38516 91
18 7 6.08276 17
7 8 3.16228 83
8 29 4.12311 47
29 9 2.82843 86
9 18 8.94427 93
18 14 6.32456 15
14 12 5.83095 52
12 26 5 15
26 27 2.82843 53
27 18 6.08276 41
18 3 5.09902 42
3 26 9.21954 31
26 14 10.4403 54
14 21 9.48683 65
21 5 2.82843 91
5 19 5.38516 55
19 24 2 31
24 4 8.06226 87
4 28 4.47214 73
28 21 7.61577 63
21 9 9.89949 88
9 0 2.23607 73
0 19 5.09902 98
19 23 8.544 26
23 7 3.60555 22
7 3 9.21954 90
3 1 9.05539 61
1 17 7.81025 21
17 8 3.16228 77
8 2 5.65685 43
2 15 3.60555 11
15 21 4.47214 93
21 19 7 25
19 2 6 10
2 24 6.32456 30
24 6 5.83095 70
6 29 5.38516 76
29 26 3.60555 81
26 9 1 84
9 22 9.21954 28
Coordinates:
7 2
10 0
2 7
9 9
4 2
3 9
5 4
3 2
6 3
8 0
9 6
9 3
7 5
5 5
10 10
5 9
10 8
5 6
4 8
8 7
6 0
1 7
10 9
0 4
8 9
1 8
7 0
5 2
8 4
10 2
