Number of nodes:
10
Number of edges:
27
W:
753.5
Edges (node i, node j, d_ij, q_ij):
9 6 7.07107 79
6 0 5.65685 98
0 2 6 56
2 1 2.23607 73
1 5 10 75
5 8 8.544 46
8 3 7.61577 1
3 7 6.7082 26
7 4 6.40312 98
4 2 10 84
2 5 12.2066 13
5 9 7.28011 28
9 0 4.24264 83
0 8 2.82843 22
8 7 6.08276 94
7 2 10.4403 35
2 8 4.47214 40
8 6 2.82843 35
6 1 2.23607 22
1 9 8.06226 60
9 8 5.09902 86
8 1 3 58
1 7 9.05539 55
7 9 1 62
9 2 9.48683 63
2 3 11.4018 73
3 9 6.32456 42
Coordinates:
6 10
1 8
0 10
7 1
6 2
7 0
2 6
10 7
4 8
9 7
