Number of nodes:
30
Number of edges:
110
W:
2894
Edges (node i, node j, d_ij, q_ij):
9 5 4.24264 46
5 0 1.41421 85
0 16 4.12311 9
16 29 6.7082 90
29 6 1.41421 79
6 10 12.2066 80
10 11 9.05539 48
11 25 2.23607 17
25 22 7.28011 65
22 15 5.38516 16
15 12 7.81025 94
12 4 3.16228 56
4 14 4.47214 8
14 21 4.12311 77
21 1 3.60555 80
1 27 10.7703 86
27 7 8.544 2
7 13 7.07107 12
13 18 10 76
18 2 2.23607 96
2 20 1.41421 70
20 3 8.06226 11
3 8 2 87
8 17 4.12311 57
17 23 5.65685 13
23 26 6.08276 58
26 28 7.07107 18
28 24 9.43398 87
24 19 1 58
19 5 2 36
5 11 6.7082 42
11 12 10.2956 4
12 21 5 73
21 3 3.16228 50
3 22 6.08276 93
22 27 6.32456 51
27 14 4.24264 81
14 15 2.23607 41
15 19 5.83095 19
19 16 5.38516 98
16 4 2 56
4 19 7.28011 12
19 10 2.23607 5
10 24 2.82843 16
24 21 4.12311 41
21 7 7.2111 85
7 19 11.6619 1
19 0 1.41421 94
0 25 8 48
25 15 4.47214 28
15 6 7.2111 89
6 26 10 18
26 1 3.60555 38
1 10 4 75
10 4 5.83095 74
4 21 3 2
21 5 4 84
5 2 4.12311 91
2 24 5.09902 88
24 3 7 42
3 5 7.07107 78
5 7 10.7703 29
7 15 7.07107 97
15 26 4 2
26 2 5.38516 31
2 7 9 89
7 17 3.60555 4
17 14 4.24264 11
14 5 6.40312 81
5 18 5.83095 23
18 16 5.38516 60
16 13 5 37
13 4 3.60555 86
4 7 5 65
7 23 6.08276 4
23 29 4.12311 78
29 8 9.05539 1
8 1 1 56
1 4 3.16228 71
4 2 7.2111 48
2 29 7.28011 83
29 15 5.83095 59
15 5 4.24264 65
5 1 6.7082 73
1 15 6.7082 86
15 3 5.65685 38
3 11 8.06226 74
11 20 4.24264 69
20 28 8.06226 80
28 8 7.07107 62
8 15 7.2111 62
15 16 3.60555 10
16 24 5.09902 90
24 29 10.6301 58
29 12 9 11
12 23 8.94427 20
23 27 2.82843 47
27 12 11.6619 67
12 28 7 83
28 16 5 79
16 22 5.83095 89
22 11 5.09902 42
11 16 6.32456 67
16 8 3.60555 26
8 19 7.07107 58
19 2 6.08276 70
2 8 9.21954 4
8 18 8.94427 58
18 25 2.82843 25
25 9 10.198 26
Coordinates:
9 8
4 10
9 3
3 8
3 7
10 7
1 0
0 3
3 10
7 10
8 10
7 1
2 10
1 10
5 3
7 4
5 7
2 6
7 2
10 9
10 4
6 7
2 2
6 2
10 8
9 0
7 8
8 0
2 3
2 1
