Number of nodes:
20
Number of edges:
53
W:
1640.08
Edges (node i, node j, d_ij, q_ij):
5 7 5 5
7 4 3.60555 3.60555
4 19 3 3
19 3 2 2
3 2 8.544 8.544
2 0 2.23607 2.23607
0 14 7.07107 7.07107
14 9 5 5
9 11 5.83095 5.83095
11 16 9.48683 9.48683
16 15 10.2956 10.2956
15 1 9.84886 9.84886
1 10 1.41421 1.41421
10 6 8.60233 8.60233
6 18 1.41421 1.41421
18 8 2.82843 2.82843
8 17 5.83095 5.83095
17 13 1 1
13 12 9.21954 9.21954
12 9 6.40312 6.40312
9 16 7.2111 7.2111
16 4 8.24621 8.24621
4 2 7.07107 7.07107
2 12 7.28011 7.28011
12 15 4.12311 4.12311
15 7 3 3
7 14 5.65685 5.65685
14 6 7.2111 7.2111
6 19 8.24621 8.24621
19 1 8.24621 8.24621
1 2 6.7082 6.7082
2 13 4 4
13 1 3.60555 3.60555
1 18 8.60233 8.60233
18 11 2.23607 2.23607
11 13 6 6
13 18 5.38516 5.38516
18 19 9.48683 9.48683
19 2 9.43398 9.43398
2 15 6.32456 6.32456
15 10 9.43398 9.43398
10 0 7.2111 7.2111
0 11 3.60555 3.60555
11 3 10.4403 10.4403
3 0 7.07107 7.07107
0 12 5.83095 5.83095
12 4 7.28011 7.28011
4 18 6.7082 6.7082
18 5 3 3
5 14 10.6301 10.6301
14 17 8.24621 8.24621
17 16 3.60555 3.60555
16 5 8.24621 8.24621
Coordinates:
5 7
10 2
7 8
4 0
2 3
8 9
4 8
4 6
3 7
4 5
9 1
7 10
0 10
7 4
0 2
1 6
10 1
8 4
5 9
2 0
