Number of nodes:
20
Number of edges:
75
W:
0
Edges (node i, node j, d_ij, q_ij):
1 3 8.60233 8.60233
3 12 8.06226 8.06226
12 15 4 4
15 0 3.60555 3.60555
0 9 1.41421 1.41421
9 11 8.48528 8.48528
11 4 5.38516 5.38516
4 8 8 8
8 18 9 9
18 13 7.07107 7.07107
13 10 2.82843 2.82843
10 7 4.47214 4.47214
7 6 5.09902 5.09902
6 2 8.06226 8.06226
2 19 6.32456 6.32456
19 16 3.60555 3.60555
16 17 5.09902 5.09902
17 5 3.60555 3.60555
5 14 5 5
14 3 5.09902 5.09902
3 15 8.544 8.544
15 11 7.28011 7.28011
11 0 7.07107 7.07107
0 17 2 2
17 8 6.7082 6.7082
8 1 2.23607 2.23607
1 16 7.2111 7.2111
16 14 4 4
14 1 6 6
1 9 8.24621 8.24621
9 8 9.84886 9.84886
8 16 7.28011 7.28011
16 12 7.28011 7.28011
12 2 2.82843 2.82843
2 5 3.16228 3.16228
5 13 5.38516 5.38516
13 2 7.81025 7.81025
2 17 4.12311 4.12311
17 3 6.32456 6.32456
3 9 7.07107 7.07107
9 10 7.07107 7.07107
10 11 1.41421 1.41421
11 6 8.94427 8.94427
6 19 11.1803 11.1803
19 7 9 9
7 9 9.48683 9.48683
9 2 3.60555 3.60555
2 8 9.89949 9.89949
8 19 9.05539 9.05539
19 9 3 3
9 13 7.61577 7.61577
13 16 5.83095 5.83095
16 3 1.41421 1.41421
3 6 12.7279 12.7279
6 10 8.60233 8.60233
10 4 4.12311 4.12311
4 14 2.23607 2.23607
14 19 2.23607 2.23607
19 4 1.41421 1.41421
4 9 4.12311 4.12311
9 18 4 4
18 0 3.16228 3.16228
0 4 3 3
4 15 5.83095 5.83095
15 10 6.08276 6.08276
10 1 4.24264 4.24264
1 6 4.47214 4.47214
6 8 6.08276 6.08276
8 13 2.23607 2.23607
13 4 6.08276 6.08276
4 17 3.60555 3.60555
17 14 1.41421 1.41421
14 12 3.60555 3.60555
12 5 5.09902 5.09902
5 1 5 5
Coordinates:
9 6
2 5
8 10
9 0
9 3
5 9
0 9
1 4
1 3
10 7
5 2
4 1
10 8
3 4
8 5
6 8
8 1
7 6
10 3
10 4
