Number of nodes:
20
Number of edges:
53
W:
13630
Edges (node i, node j, d_ij, q_ij):
2 6 6 50
6 5 7.07107 52
5 16 2.23607 13
16 18 2.23607 57
18 3 5.83095 90
3 19 2.23607 55
19 15 5.09902 49
15 10 7.07107 73
10 8 6.08276 29
8 0 10.6301 83
0 7 4.12311 58
7 17 5.38516 89
17 13 6.32456 77
13 14 9 38
14 4 4 98
4 1 7.81025 21
1 11 8.06226 40
11 12 5.83095 95
12 9 7.2111 6
9 5 9.48683 15
5 8 9.48683 83
8 14 1.41421 83
14 7 8.94427 24
7 5 8.48528 70
5 3 5.09902 37
3 1 6.40312 16
1 14 11.1803 18
14 2 9.05539 85
2 10 2.23607 54
10 11 6.40312 100
11 3 4.24264 25
3 0 6.7082 55
0 14 10.6301 51
14 18 10 37
18 2 5.09902 11
2 12 2 93
12 10 1 43
10 14 7 59
14 5 10.198 65
5 0 5.38516 24
0 4 8.06226 42
4 2 5.09902 22
2 5 1.41421 12
5 4 6.32456 70
4 7 8 11
7 15 3.60555 61
15 2 8.06226 91
2 8 8.24621 3
8 16 9.43398 56
16 6 6.7082 48
6 10 4.12311 17
10 0 7.07107 90
0 2 6.08276 82
Coordinates:
2 2
0 4
1 8
5 8
6 9
0 7
7 8
6 1
9 10
9 4
3 9
8 5
3 8
10 0
10 9
8 4
1 5
8 6
2 3
7 9
