Number of nodes:
30
Number of edges:
232
W:
58120
Edges (node i, node j, d_ij, q_ij):
6 15 3 55
15 8 9.84886 11
8 9 1 58
9 4 5.38516 100
4 12 6.40312 91
12 21 3.60555 70
21 2 3 52
2 3 2.23607 71
3 19 9.84886 65
19 24 8.06226 53
24 26 8.544 26
26 22 8.48528 93
22 1 6.7082 24
1 13 2.23607 29
13 23 2.23607 20
23 18 1.41421 34
18 0 7.61577 2
0 20 9.43398 7
20 17 6.08276 22
17 28 5.83095 18
28 11 4.12311 97
11 7 3.60555 29
7 29 1 28
29 10 6.40312 69
10 14 10 8
14 16 3.16228 55
16 25 7.81025 85
25 27 9.89949 73
27 5 9.43398 71
5 18 6 91
18 24 8.60233 22
24 5 5.09902 77
5 28 3.16228 1
28 27 7.28011 79
27 15 6 29
15 29 8.48528 92
29 18 2.23607 1
18 11 6.40312 80
11 24 3 14
24 21 3.16228 65
21 5 4.47214 84
5 23 5.09902 92
23 11 6.7082 9
11 8 6.08276 59
8 13 3.60555 20
13 29 1.41421 29
29 21 3.60555 44
21 3 4.47214 21
3 8 5.83095 87
8 10 3.16228 65
10 22 4.12311 90
22 27 7.2111 83
27 17 5 93
17 18 4.47214 17
18 10 6.32456 3
10 1 7.07107 1
1 28 4.47214 72
28 7 2.82843 39
7 23 4 25
23 12 5.38516 94
12 1 7.28011 29
1 27 9.21954 99
27 0 7.81025 23
0 17 9.05539 30
17 14 8.94427 77
14 27 5 51
27 10 11.1803 73
10 2 6.08276 29
2 29 6.32456 82
29 27 6 38
27 4 3 45
4 19 2.23607 65
19 27 2.82843 29
27 13 7.07107 54
13 20 3.16228 75
20 27 10.198 100
27 12 8.60233 82
12 2 3.16228 18
2 5 4.12311 72
5 17 8.94427 68
17 22 7.28011 82
22 15 6.32456 61
15 1 12.0416 2
1 11 7.81025 75
11 26 5.83095 78
26 20 10 57
20 12 7.61577 27
12 6 7.28011 1
6 23 9.48683 95
23 3 7.61577 3
3 0 1.41421 46
0 26 9.43398 24
26 2 8.94427 1
2 22 2.82843 20
22 21 2.23607 53
21 0 3.16228 30
0 24 2 70
24 27 6.7082 77
27 23 9 58
23 21 5.83095 3
21 10 6.32456 14
10 13 6.7082 3
13 2 7.61577 67
2 27 7.2111 95
27 18 8.06226 56
18 12 6.08276 93
12 3 2.23607 94
3 16 7.07107 89
16 12 6.7082 10
12 24 4.12311 66
24 9 6.40312 8
9 18 3 92
18 4 5.09902 78
4 17 3.16228 61
17 11 6.08276 18
11 13 5.65685 55
13 28 3 17
28 0 4.47214 44
0 11 3.60555 7
11 14 3.60555 12
14 22 6.08276 46
22 7 4.12311 5
7 24 6.32456 35
24 2 1 99
2 18 8.06226 24
18 21 5.65685 39
21 7 3.16228 28
7 6 5.83095 94
6 25 8.06226 67
25 15 7.07107 85
15 10 10.0499 48
10 11 7.28011 32
11 19 5.09902 39
19 29 4.47214 15
29 0 6.08276 26
0 10 5.09902 46
10 24 7.07107 59
24 8 7.2111 72
8 12 3.60555 34
12 22 1.41421 69
22 4 5 89
4 8 6.32456 93
8 1 4 60
1 5 7.07107 66
5 29 5.38516 54
29 25 7.07107 77
25 2 3.16228 73
2 19 8.24621 22
19 10 10.6301 72
10 3 4.47214 31
3 18 8.24621 33
18 22 5.38516 69
22 0 2.23607 35
0 1 8.94427 19
1 2 9.43398 67
2 17 9 59
17 15 9.84886 9
15 26 8 94
26 19 2 4
19 17 2.23607 75
17 25 10.4403 31
25 14 7.28011 51
14 3 6.32456 7
3 28 5.09902 69
28 25 5 17
25 13 8 84
13 22 5.09902 15
22 3 3 76
3 17 10.198 55
17 23 5.83095 100
23 25 7.28011 44
25 8 5.38516 43
8 19 8.06226 93
19 15 8.24621 55
15 4 6.7082 61
4 3 7.61577 98
3 15 6.08276 83
15 7 7.81025 33
7 2 6.08276 19
2 20 10 6
20 14 12.2066 63
14 4 5.83095 4
4 1 6.32456 74
1 26 9 98
26 16 4.12311 22
16 4 2.82843 93
4 24 6 8
24 6 4.24264 31
6 8 9.05539 38
8 20 4.12311 11
20 15 12.8062 57
15 16 4.12311 68
16 21 3.16228 13
21 28 3.16228 63
28 23 2.82843 37
23 20 2.23607 30
20 4 7.28011 47
4 23 6 3
23 15 10.8167 57
15 0 5 53
0 13 7.28011 54
13 18 1 100
18 28 3.16228 48
28 4 4.47214 46
4 25 8.06226 6
25 11 5.65685 8
11 22 3.16228 95
22 29 4 88
29 3 7 92
3 9 5.38516 66
9 0 5 93
0 16 5.65685 54
16 1 8.94427 69
1 24 10 18
24 23 8.48528 3
23 9 2.23607 42
9 16 7 10
16 22 5.38516 10
22 6 6.08276 24
6 18 8.94427 48
18 1 1.41421 72
1 20 1 81
20 29 4.47214 67
29 1 3.60555 37
1 6 10.2956 95
6 16 1.41421 55
16 24 4.47214 66
24 15 3 41
15 5 8.06226 57
5 16 7.61577 74
16 27 2.23607 46
27 6 3 11
Coordinates:
5 9
1 1
6 9
4 10
7 3
2 8
10 6
5 3
1 5
2 5
0 8
7 6
3 8
3 2
10 8
10 9
9 5
6 0
2 2
8 1
0 1
6 6
4 7
1 3
7 9
3 10
10 1
10 3
3 5
4 3
