Number of nodes:
30
Number of edges:
162
W:
5307.76
Edges (node i, node j, d_ij, q_ij):
17 26 6.08276 6.08276
26 24 4.12311 4.12311
24 21 5.38516 5.38516
21 2 8 8
2 28 10 10
28 18 10.198 10.198
18 14 3 3
14 23 2.23607 2.23607
23 1 10 10
1 15 11.1803 11.1803
15 13 6.32456 6.32456
13 8 6.08276 6.08276
8 6 5.83095 5.83095
6 11 3 3
11 12 4 4
12 7 7.61577 7.61577
7 29 6.08276 6.08276
29 5 11.4018 11.4018
5 22 4.47214 4.47214
22 3 3.16228 3.16228
3 9 4.47214 4.47214
9 27 4.47214 4.47214
27 10 6.40312 6.40312
10 16 6.08276 6.08276
16 25 8 8
25 20 12.8062 12.8062
20 4 7.28011 7.28011
4 19 7.07107 7.07107
19 0 4.12311 4.12311
0 15 7.81025 7.81025
15 28 12.0416 12.0416
28 17 12.2066 12.2066
17 21 10.6301 10.6301
21 7 9.84886 9.84886
7 24 7.2111 7.2111
24 10 8 8
10 18 3.60555 3.60555
18 26 7.2111 7.2111
26 12 4.12311 4.12311
12 4 5.09902 5.09902
4 26 2.23607 2.23607
26 13 3.60555 3.60555
13 21 5 5
21 23 9.89949 9.89949
23 15 2.23607 2.23607
15 24 8.94427 8.94427
24 29 3 3
29 26 4.47214 4.47214
26 1 7.07107 7.07107
1 19 2.23607 2.23607
19 18 9.21954 9.21954
18 6 9.89949 9.89949
6 28 9.48683 9.48683
28 3 5.65685 5.65685
3 26 2 2
26 16 8.60233 8.60233
16 17 8.06226 8.06226
17 3 6.7082 6.7082
3 10 4.12311 4.12311
10 14 2 2
14 28 11.1803 11.1803
28 26 7.2111 7.2111
26 2 8.48528 8.48528
2 9 2.82843 2.82843
9 15 7 7
15 22 4.12311 4.12311
22 2 5.83095 5.83095
2 1 7.07107 7.07107
1 9 5.83095 5.83095
9 23 5.09902 5.09902
23 8 9.48683 9.48683
8 27 5.65685 5.65685
27 17 9.21954 9.21954
17 15 2.82843 2.82843
15 5 8.06226 8.06226
5 27 5.09902 5.09902
27 4 7.28011 7.28011
4 23 7 7
23 26 5.09902 5.09902
26 19 6.7082 6.7082
19 22 7.81025 7.81025
22 6 5.65685 5.65685
6 21 9.05539 9.05539
21 25 1.41421 1.41421
25 2 9.05539 9.05539
2 19 9 9
19 20 12.0416 12.0416
20 14 4.12311 4.12311
14 17 2 2
17 29 10.0499 10.0499
29 2 12.8062 12.8062
2 24 11.1803 11.1803
24 0 2.23607 2.23607
0 11 2.23607 2.23607
11 9 6.40312 6.40312
9 0 6.32456 6.32456
0 27 4.47214 4.47214
27 15 9.84886 9.84886
15 19 11.4018 11.4018
19 10 8.60233 8.60233
10 5 4.12311 4.12311
5 19 8.06226 8.06226
19 3 5 5
3 27 4 4
27 7 9.21954 9.21954
7 14 5.65685 5.65685
14 1 9.21954 9.21954
1 6 10 10
6 4 2.23607 2.23607
4 21 7 7
21 20 11.4018 11.4018
20 13 6.7082 6.7082
13 11 4.24264 4.24264
11 15 5.83095 5.83095
15 7 2 2
7 4 4.47214 4.47214
4 18 9.43398 9.43398
18 16 3.16228 3.16228
16 5 2 2
5 18 1.41421 1.41421
18 24 10.4403 10.4403
24 3 4.12311 4.12311
3 11 2.23607 2.23607
11 2 9.21954 9.21954
2 16 1.41421 1.41421
16 7 10.4403 10.4403
7 1 10.4403 10.4403
1 28 3.16228 3.16228
28 20 12.7279 12.7279
20 5 8 8
5 26 7.07107 7.07107
26 25 7.61577 7.61577
25 0 5.09902 5.09902
0 20 8.60233 8.60233
20 15 1 1
15 6 5 5
6 3 5.09902 5.09902
3 13 2.23607 2.23607
13 2 5 5
2 12 7.28011 7.28011
12 16 6.7082 6.7082
16 22 6.32456 6.32456
22 8 7.07107 7.07107
8 4 3.60555 3.60555
4 10 6.32456 6.32456
10 12 5.83095 5.83095
12 22 5 5
22 25 8.48528 8.48528
25 15 12.2066 12.2066
15 8 9.43398 9.43398
8 7 7.81025 7.81025
7 10 4.47214 4.47214
10 26 4.12311 4.12311
26 15 5 5
15 16 10.0499 10.0499
16 8 10.2956 10.2956
8 10 8.06226 8.06226
10 6 6.40312 6.40312
6 20 6 6
20 16 10 10
16 23 8 8
23 17 1 1
Coordinates:
2 5
3 0
10 1
4 5
2 8
9 2
3 10
6 10
0 5
8 3
8 6
3 7
3 3
6 4
10 6
8 10
9 0
10 8
10 3
1 1
9 10
2 1
7 6
9 8
0 6
1 0
4 7
4 1
0 1
0 9
