Number of nodes:
30
Number of edges:
162
W:
4066
Edges (node i, node j, d_ij, q_ij):
8 9 8.94427 28
9 20 3.60555 75
20 4 2.82843 18
4 28 5 8
28 16 9.21954 77
16 23 10.8167 21
23 18 3.16228 2
18 26 1 93
26 1 4.12311 16
1 29 4.24264 95
29 25 1.41421 83
25 27 2.82843 6
27 22 5 4
22 19 4.12311 50
19 13 6 37
13 15 8.24621 24
15 24 6.32456 13
24 7 2 99
7 12 3.16228 42
12 21 7.61577 3
21 6 5 76
6 11 6.08276 74
11 14 7 6
14 10 5.09902 29
10 17 2 38
17 0 12.2066 4
0 5 2.23607 10
5 3 8.06226 92
3 2 3.60555 55
2 19 2.23607 58
19 20 1 78
20 18 6.08276 82
18 12 1.41421 84
12 15 5.09902 48
15 20 2.23607 41
20 28 2.23607 61
28 6 3.60555 68
6 22 5.83095 94
22 20 5.09902 53
20 3 2.23607 35
3 11 5.65685 41
11 7 5.83095 87
7 20 8.544 92
20 6 4 44
6 3 5.38516 37
3 28 4.47214 28
28 23 4 68
23 11 8.24621 1
11 26 5 26
26 23 4.12311 61
23 22 8.06226 55
22 11 2.23607 53
11 5 3 35
5 4 8.94427 60
4 21 2.23607 81
21 17 3.60555 72
17 20 2 16
20 0 10.6301 91
0 11 5.09902 15
11 28 8.24621 22
28 9 2 100
9 25 3.16228 45
25 18 6.32456 55
18 29 7.61577 83
29 21 5.09902 92
21 7 8 95
7 3 9.05539 43
3 26 7 11
26 5 4 41
5 6 6.32456 47
6 24 4.12311 45
24 20 8.06226 81
20 5 8.48528 86
5 16 7.07107 36
16 20 7.07107 76
20 29 2.23607 74
29 9 4 15
9 23 2 43
23 13 10.2956 74
13 6 8.06226 92
6 2 2 56
2 12 5 28
12 3 8.24621 44
3 14 5 90
14 15 1 39
15 23 3.16228 24
23 3 7.2111 61
3 4 1 54
4 15 5 66
15 16 8.544 28
16 25 8.06226 27
25 14 3 65
14 19 3.60555 72
19 21 2 81
21 25 4 48
25 10 2.23607 63
10 4 4 76
4 18 8.06226 42
18 24 2 73
24 12 1.41421 68
12 19 7.07107 41
19 9 4.24264 69
9 3 5.65685 48
3 15 4.24264 26
15 28 1.41421 4
28 17 3.60555 23
17 25 2.23607 99
25 24 8.24621 70
24 23 4.24264 18
23 10 7 24
10 28 3 61
28 14 2.23607 73
14 24 5.38516 3
24 9 5.83095 56
9 1 3.16228 14
1 27 4 41
27 12 9.05539 79
12 17 9 26
17 29 2.23607 47
29 16 9 97
16 0 9 53
0 18 6.32456 73
18 2 4.12311 61
2 13 7.28011 24
13 29 9.05539 54
29 11 8.94427 8
11 21 4.24264 38
21 2 3.60555 81
2 5 7.2111 2
5 23 8.06226 62
23 29 6 48
29 19 3.16228 42
19 8 5.09902 30
8 15 7.61577 47
15 25 2 67
25 2 2.23607 85
2 4 4.47214 21
4 16 5.09902 17
16 27 6.08276 54
27 29 3.16228 90
29 28 2 40
28 21 5.09902 66
21 1 2.82843 14
1 0 8.48528 42
0 3 10.2956 21
3 25 3.16228 27
25 0 11.3137 82
0 10 13.4536 52
10 19 3.60555 5
19 15 2.82843 80
15 18 4.47214 48
18 10 8.544 57
10 20 2.82843 53
20 1 2.23607 8
1 22 4.12311 33
22 18 6.40312 58
18 11 5.83095 68
11 13 3.16228 70
13 8 1.41421 90
8 17 6.08276 69
17 26 8.24621 32
26 8 8.06226 37
Coordinates:
9 10
3 4
2 4
4 1
4 0
8 8
2 6
5 10
8 1
0 5
0 0
8 5
2 9
9 2
1 5
1 4
9 1
2 0
3 8
3 2
2 2
5 2
7 3
0 7
3 10
1 2
4 8
3 0
0 3
0 1
