Number of nodes:
10
Number of edges:
27
W:
7385
Edges (node i, node j, d_ij, q_ij):
1 0 9.21954 3
0 8 5.38516 69
8 6 3.60555 32
6 5 4.24264 3
5 4 10.198 75
4 7 8.48528 8
7 2 7.07107 19
2 9 1 17
9 3 10.0499 84
3 6 4.24264 78
6 1 6.08276 88
1 8 5.65685 73
8 7 3.60555 74
7 0 2 58
0 5 7.2111 63
5 1 3.60555 26
1 3 9.84886 34
3 0 2 98
0 4 10 97
4 2 5.09902 19
2 8 4.12311 42
8 3 5 54
3 4 8.94427 27
4 6 8.60233 75
6 7 1.41421 81
7 9 8.06226 94
9 1 3.16228 86
Coordinates:
0 6
9 8
9 5
0 4
8 0
6 10
3 7
2 6
5 4
10 5
