Number of nodes:
20
Number of edges:
75
W:
205.309
Edges (node i, node j, d_ij, q_ij):
10 8 6.40312 6.40312
8 9 2.23607 2.23607
9 5 4 4
5 4 9.48683 9.48683
4 17 7.61577 7.61577
17 13 3.60555 3.60555
13 19 6.08276 6.08276
19 16 3.60555 3.60555
16 3 5.83095 5.83095
3 15 9.21954 9.21954
15 7 9.84886 9.84886
7 0 8.06226 8.06226
0 14 3.16228 3.16228
14 12 5.65685 5.65685
12 2 3.60555 3.60555
2 11 3.16228 3.16228
11 1 2.82843 2.82843
1 18 1 1
18 6 10.6301 10.6301
6 17 3.60555 3.60555
17 11 4.12311 4.12311
11 9 5.38516 5.38516
9 12 1.41421 1.41421
12 6 11.1803 11.1803
6 15 12.2066 12.2066
15 19 4.47214 4.47214
19 3 5.38516 5.38516
3 9 6.40312 6.40312
9 17 6.32456 6.32456
17 7 2.23607 2.23607
7 13 1.41421 1.41421
13 15 10.4403 10.4403
15 0 5.09902 5.09902
0 4 7.61577 7.61577
4 11 3.60555 3.60555
11 19 2.23607 2.23607
19 4 4 4
4 14 8 8
14 3 2.23607 2.23607
3 6 4 4
6 4 10.8167 10.8167
4 2 2.23607 2.23607
2 7 7.2111 7.2111
7 16 8 8
16 1 5.83095 5.83095
1 5 8.544 8.544
5 11 7.81025 7.81025
11 3 6 6
3 10 1 1
10 6 3 3
6 14 6.08276 6.08276
14 17 3.16228 3.16228
17 15 8.60233 8.60233
15 18 3.16228 3.16228
18 2 1 1
2 17 6.40312 6.40312
17 18 7.2111 7.2111
18 0 6.32456 6.32456
0 1 6.7082 6.7082
1 6 10 10
6 11 7.2111 7.2111
11 12 6.08276 6.08276
12 5 5.09902 5.09902
5 16 3 3
16 11 5.83095 5.83095
11 0 6.40312 6.40312
0 6 9.21954 9.21954
6 5 9 9
5 14 3.16228 3.16228
14 16 3.60555 3.60555
16 8 2.82843 2.82843
8 1 3.16228 3.16228
1 2 1.41421 1.41421
2 19 2.23607 2.23607
19 10 5.83095 5.83095
Coordinates:
1 3
4 9
3 8
6 1
4 10
1 1
10 1
9 4
3 6
1 5
7 1
6 7
0 6
10 5
4 2
0 8
1 4
7 3
3 9
4 6
