Number of nodes:
10
Number of edges:
20
W:
533.242
Edges (node i, node j, d_ij, q_ij):
1 3 5.83095 5.83095
3 5 1.41421 1.41421
5 2 1 1
2 9 4.47214 4.47214
9 4 7.28011 7.28011
4 0 6.08276 6.08276
0 8 2.23607 2.23607
8 6 8.24621 8.24621
6 7 9.48683 9.48683
7 0 3 3
0 6 6.7082 6.7082
6 9 7.28011 7.28011
9 7 2.23607 2.23607
7 5 7.2111 7.2111
5 9 5.38516 5.38516
9 8 1 1
8 5 5.83095 5.83095
5 4 8.60233 8.60233
4 8 8.24621 8.24621
8 1 5.09902 5.09902
Coordinates:
9 6
7 3
4 5
2 6
10 0
3 5
6 0
9 9
8 8
8 7
