Number of nodes:
10
Number of edges:
27
W:
0
Edges (node i, node j, d_ij, q_ij):
7 3 6.32456 87
3 5 6.08276 41
5 6 4.47214 79
6 2 6.08276 60
2 9 2 63
9 1 12.0416 63
1 0 10.8167 84
0 8 4.12311 42
8 4 9.84886 49
4 3 7.2111 24
3 6 3.60555 25
6 1 5.83095 73
1 5 9.05539 23
5 0 5 55
0 6 5 36
6 8 3.16228 22
8 1 8.24621 58
1 2 10.8167 66
2 0 4.24264 48
0 4 10 72
4 2 7.61577 77
2 7 3.16228 70
7 4 6 19
4 9 9.48683 2
9 5 8.06226 4
5 8 1.41421 54
8 7 5 34
Coordinates:
7 10
1 1
10 7
1 4
7 0
2 10
4 6
7 6
3 9
10 9
