Number of nodes:
20
Number of edges:
75
W:
2053.7
Edges (node i, node j, d_ij, q_ij):
15 14 7.81025 7.81025
14 7 4.12311 4.12311
7 10 2.23607 2.23607
10 11 5 5
11 6 4.24264 4.24264
6 13 6.7082 6.7082
13 4 7.2111 7.2111
4 12 9.21954 9.21954
12 8 8.06226 8.06226
8 1 10.0499 10.0499
1 17 7.07107 7.07107
17 18 10.198 10.198
18 0 4.24264 4.24264
0 16 7.2111 7.2111
16 3 3.16228 3.16228
3 2 4 4
2 9 7 7
9 5 5.09902 5.09902
5 19 7.07107 7.07107
19 11 7.81025 7.81025
11 0 1.41421 1.41421
0 17 7.07107 7.07107
17 4 5 5
4 8 3.16228 3.16228
8 10 8.94427 8.94427
10 17 3.60555 3.60555
17 13 9 9
13 14 4.47214 4.47214
14 17 5.38516 5.38516
17 3 2 2
3 14 5 5
14 4 6.32456 6.32456
4 2 6.08276 6.08276
2 14 1 1
14 6 2.23607 2.23607
6 19 3.60555 3.60555
19 18 12.2066 12.2066
18 4 7.28011 7.28011
4 5 4.47214 4.47214
5 17 5 5
17 2 4.47214 4.47214
2 7 3.16228 3.16228
7 4 5.38516 5.38516
4 0 6.40312 6.40312
0 15 8.60233 8.60233
15 6 7.61577 7.61577
6 10 1 1
10 0 5.38516 5.38516
0 14 2.23607 2.23607
14 10 3.16228 3.16228
10 16 2.23607 2.23607
16 19 1 1
19 9 10.7703 10.7703
9 12 9.21954 9.21954
12 13 2.23607 2.23607
13 5 4 4
5 14 2 2
14 8 7.07107 7.07107
8 11 5 5
11 7 5.09902 5.09902
7 9 6.7082 6.7082
9 3 8.06226 8.06226
3 6 3.16228 3.16228
6 17 4.24264 4.24264
17 7 1.41421 1.41421
7 16 4 4
16 9 10.4403 10.4403
9 6 8.06226 8.06226
6 5 3.60555 3.60555
5 11 1 1
11 17 6 6
17 19 5 5
19 4 9.48683 9.48683
4 3 6.7082 6.7082
3 15 6 6
Coordinates:
6 7
10 5
7 4
7 0
1 3
5 5
8 3
6 1
0 6
0 4
8 2
5 6
7 10
5 9
7 5
1 0
10 1
5 0
3 10
10 0
