Number of nodes:
20
Number of edges:
75
W:
19735
Edges (node i, node j, d_ij, q_ij):
5 11 9 51
11 10 6.08276 56
10 2 3 93
2 12 10.4403 6
12 0 5.38516 22
0 1 7.81025 36
1 17 7.2111 92
17 14 5 12
14 18 2.23607 96
18 7 1.41421 89
7 16 9.43398 40
16 19 7.61577 84
19 13 10.7703 24
13 15 5 37
15 4 8.06226 58
4 6 9.05539 59
6 8 3 27
8 9 5.38516 3
9 3 8 66
3 18 5.38516 92
18 0 5.38516 51
0 11 4.47214 21
11 4 5.09902 91
4 13 12.8062 9
13 9 3.16228 23
9 4 9.89949 89
4 3 7.07107 59
3 5 9.21954 58
5 15 4.47214 91
15 2 4.12311 62
2 8 6.7082 96
8 3 3.60555 41
3 1 10.8167 69
1 8 10 41
8 7 8.24621 98
7 0 6.7082 42
0 15 1 76
15 16 2.23607 42
16 11 7.2111 54
11 17 3 24
17 18 3.16228 30
18 16 8.06226 45
16 17 5 59
17 19 4.12311 53
19 0 5.09902 34
0 10 2.23607 17
10 12 7.61577 11
12 7 8.24621 60
7 11 4.12311 71
11 2 9.05539 28
2 14 8.48528 51
14 12 9.84886 73
12 13 10.0499 1
13 2 4 41
2 7 9.43398 81
7 14 2.23607 75
14 15 7.28011 81
15 11 5.38516 39
11 6 4 32
6 18 7.28011 72
18 4 2.23607 100
4 8 9.21954 80
8 5 7.2111 64
5 2 1 20
2 17 6.08276 20
17 4 5.38516 62
4 7 1 13
7 5 8.94427 47
5 16 5 55
16 6 6 18
6 9 8.24621 70
9 17 5.38516 84
17 10 3.16228 63
10 18 5.65685 29
18 5 7.61577 88
Coordinates:
3 5
9 10
4 10
3 1
10 2
5 10
1 1
9 2
1 4
3 9
4 7
5 1
1 0
0 10
10 4
3 6
1 7
5 4
8 3
4 0
