Number of nodes:
30
Number of edges:
162
W:
43925
Edges (node i, node j, d_ij, q_ij):
10 7 9.21954 11
7 20 7.81025 17
20 26 5 50
26 12 2.82843 86
12 4 5.83095 48
4 3 5.38516 93
3 17 3.16228 82
17 25 3.60555 4
25 21 5 53
21 23 4.47214 68
23 18 8.94427 57
18 14 8.94427 22
14 24 2 38
24 8 2.23607 56
8 15 10.2956 92
15 6 11.6619 16
6 19 4 16
19 29 1 58
29 0 3 39
0 22 7 62
22 9 8.06226 68
9 2 8 79
2 11 3.60555 60
11 13 5.38516 42
13 1 8.94427 24
1 28 3.60555 40
28 16 9.21954 93
16 27 1 69
27 5 8.06226 73
5 17 5.38516 81
17 15 6.7082 57
15 2 10.2956 36
2 7 8.94427 97
7 4 5.65685 59
4 22 4.12311 21
22 26 7.28011 96
26 0 2 3
0 9 1.41421 2
9 7 4 99
7 24 6.08276 55
24 10 7.07107 21
10 23 9.89949 55
23 14 8 77
14 7 8.06226 58
7 25 7.61577 63
25 23 8.06226 68
23 28 2 73
28 17 7.61577 78
17 2 3.60555 77
2 12 9.48683 63
12 17 6.08276 91
17 19 8.06226 96
19 26 6 41
26 16 4.24264 2
16 14 9.84886 89
14 22 4 17
22 11 2.82843 94
11 24 2 82
24 6 1 85
6 23 5 66
23 3 11.6619 62
3 28 10.7703 93
28 20 7.2111 1
20 3 4 58
3 29 10.2956 3
29 12 7.28011 73
12 3 7.28011 5
3 14 10.198 5
14 26 9.21954 26
26 4 3.16228 4
4 28 5.38516 60
28 21 4 46
21 11 4.47214 10
11 16 7.28011 88
16 6 9.05539 3
6 9 7.07107 72
9 3 7.81025 55
3 1 9.21954 28
1 20 6.7082 2
20 9 6.08276 84
9 21 2.23607 42
21 26 2.23607 44
26 23 6.08276 79
23 24 6 83
24 20 6 46
20 0 5.38516 68
0 14 8.06226 51
14 20 6.32456 39
20 4 2.23607 49
4 21 2.23607 35
21 19 4.12311 56
19 8 3.16228 62
8 5 1.41421 79
5 22 5.38516 9
22 21 6 71
21 12 5 82
12 28 8.544 81
28 10 8.60233 75
10 13 1 38
13 24 7.28011 7
24 3 10 30
3 26 6.40312 97
26 7 5.09902 4
7 23 1 40
23 27 10.7703 36
27 28 10.198 59
28 22 7.2111 63
22 2 1 91
2 16 5.65685 86
16 8 8 16
8 12 8.60233 26
12 22 9.84886 27
22 17 4.24264 60
17 20 1.41421 4
20 16 3.60555 61
16 22 6.40312 5
22 29 7.61577 23
29 23 1.41421 11
23 17 8.60233 43
17 27 3.16228 71
27 7 9.84886 97
7 28 2.23607 98
28 0 4.12311 84
0 25 6 28
25 20 2.23607 6
20 13 2.23607 54
13 9 8.24621 9
9 19 5.09902 39
19 20 7.81025 29
20 8 5.38516 46
8 26 5.83095 97
26 10 6.08276 10
10 25 3 95
25 3 6.08276 100
3 7 10.8167 49
7 0 3.16228 30
0 12 4.47214 58
12 5 7.2111 64
5 2 5.83095 72
2 0 7.07107 95
0 6 5.65685 79
6 17 7 97
17 26 4.12311 74
26 1 3.16228 90
1 24 6.7082 53
24 28 4 34
28 26 6.08276 94
26 29 5 75
29 8 3 97
8 28 2.23607 88
28 15 10.4403 98
15 10 8.544 45
10 20 1.41421 38
20 18 2.82843 81
18 26 3.60555 72
26 2 7.07107 95
2 20 2.23607 35
20 29 7.07107 80
29 21 3.16228 33
21 27 6.32456 15
27 8 9 78
8 10 6.7082 29
Coordinates:
2 6
1 7
9 5
7 0
5 5
4 8
6 10
1 9
5 9
1 5
8 3
7 8
0 2
9 3
9 10
0 0
5 1
6 3
5 2
2 10
7 4
3 6
9 6
1 10
7 10
8 6
2 4
5 0
3 10
2 9
