Number of nodes:
10
Number of edges:
27
W:
834.171
Edges (node i, node j, d_ij, q_ij):
3 4 8.94427 8.94427
4 0 4 4
0 7 6.08276 6.08276
7 6 8.94427 8.94427
6 9 7.07107 7.07107
9 1 7.81025 7.81025
1 5 6.08276 6.08276
5 8 9.43398 9.43398
8 2 3.60555 3.60555
2 1 5 5
1 7 7 7
7 3 7.28011 7.28011
3 1 2 2
1 0 10 10
0 6 9.21954 9.21954
6 8 3.60555 3.60555
8 7 9.21954 9.21954
7 4 6.7082 6.7082
4 9 2.23607 2.23607
9 2 3.16228 3.16228
2 4 2.23607 2.23607
4 5 7.28011 7.28011
5 9 6 6
9 8 5.38516 5.38516
8 0 7.07107 7.07107
0 9 2.23607 2.23607
9 3 9.21954 9.21954
Coordinates:
1 9
9 3
6 7
9 1
5 9
3 2
10 7
2 3
8 10
3 8
