Number of nodes:
20
Number of edges:
75
W:
1809.5
Edges (node i, node j, d_ij, q_ij):
9 12 8.48528 29
12 18 11.1803 77
18 7 5.65685 10
7 17 4 88
17 10 4.12311 3
10 15 9.48683 27
15 16 7 39
16 6 8.06226 59
6 14 4.12311 50
14 13 3.16228 59
13 2 5.09902 69
2 1 1 82
1 11 10 47
11 5 8.06226 29
5 3 7.07107 21
3 19 5 75
19 4 8.48528 59
4 0 6 15
0 8 4 15
8 2 8.06226 63
2 0 9.43398 40
0 6 7.61577 57
6 13 3.60555 55
13 16 5.83095 36
16 9 2.23607 16
9 4 4.47214 35
4 8 2 58
8 10 4.24264 61
10 4 3.16228 36
4 14 7.81025 8
14 18 6.32456 47
18 4 3 65
4 12 12.8062 84
12 7 10.8167 56
7 19 7.28011 4
19 13 3 38
13 9 6.40312 34
9 8 4 43
8 14 6.7082 49
14 10 6.7082 84
10 19 7.61577 1
19 9 4.47214 69
9 11 6.32456 17
11 8 6.32456 47
8 17 4.12311 50
17 6 6.7082 38
6 8 9.89949 22
8 18 1 60
18 3 2 4
3 7 4.47214 88
7 10 1 22
10 11 9.05539 43
11 6 5.09902 44
6 3 7.81025 76
3 0 3.60555 78
0 11 2.82843 11
11 4 8.24621 63
4 6 11.4018 87
6 1 9.05539 71
1 7 4.12311 98
7 2 4.47214 94
2 19 5.38516 18
19 6 3.16228 62
6 5 5.38516 29
5 19 3.60555 25
19 18 6.7082 18
18 16 6.32456 67
16 10 3.60555 59
10 12 11.4018 60
12 2 7.28011 67
2 4 8.06226 94
4 13 10.8167 60
13 18 9.48683 87
18 6 9.21954 10
6 9 7.61577 58
Coordinates:
3 0
9 8
8 8
6 2
9 0
5 9
0 7
10 4
7 0
7 4
10 3
1 2
1 10
3 9
4 6
1 6
8 6
6 4
6 0
3 6
