Number of nodes:
10
Number of edges:
27
W:
0
Edges (node i, node j, d_ij, q_ij):
6 8 4.12311 4.12311
8 2 9.05539 9.05539
2 1 5.09902 5.09902
1 9 5 5
9 4 6 6
4 7 10 10
7 3 6.7082 6.7082
3 5 3.60555 3.60555
5 0 3.16228 3.16228
0 6 3.16228 3.16228
6 3 1 1
3 4 3.60555 3.60555
4 2 3.60555 3.60555
2 5 2.23607 2.23607
5 8 8.544 8.544
8 9 7.28011 7.28011
9 0 6.32456 6.32456
0 2 5 5
2 7 10.4403 10.4403
7 6 5.83095 5.83095
6 5 4.47214 4.47214
5 7 10.2956 10.2956
7 1 6.40312 6.40312
1 3 1.41421 1.41421
3 8 5.09902 5.09902
8 1 4.47214 4.47214
1 6 1 1
Coordinates:
7 6
5 5
4 10
4 6
7 8
6 9
4 5
1 0
3 1
1 8
