Number of nodes:
30
Number of edges:
110
W:
2996.41
Edges (node i, node j, d_ij, q_ij):
27 16 2.23607 2.23607
16 4 1.41421 1.41421
4 24 7.81025 7.81025
24 7 1.41421 1.41421
7 11 4.12311 4.12311
11 19 2.82843 2.82843
19 15 5.38516 5.38516
15 25 6.7082 6.7082
25 6 7.2111 7.2111
6 20 11.1803 11.1803
20 5 5 5
5 28 9 9
28 26 9.21954 9.21954
26 18 6.40312 6.40312
18 3 5.09902 5.09902
3 0 1.41421 1.41421
0 9 4.24264 4.24264
9 17 2 2
17 22 3.16228 3.16228
22 1 2.23607 2.23607
1 10 6 6
10 14 10.6301 10.6301
14 23 8.06226 8.06226
23 29 7.81025 7.81025
29 2 3.16228 3.16228
2 21 4.12311 4.12311
21 12 7.28011 7.28011
12 8 9.21954 9.21954
8 13 6.08276 6.08276
13 24 5.09902 5.09902
24 10 4.12311 4.12311
10 28 12.2066 12.2066
28 4 2.23607 2.23607
4 10 10.2956 10.2956
10 23 6 6
23 18 8.06226 8.06226
18 10 9.43398 9.43398
10 27 9.21954 9.21954
27 14 1.41421 1.41421
14 19 7.81025 7.81025
19 28 9.43398 9.43398
28 13 5.83095 5.83095
13 27 2.82843 2.82843
27 15 7.07107 7.07107
15 4 9.21954 9.21954
4 29 5 5
29 13 3.16228 3.16228
13 7 4.47214 4.47214
7 9 6.32456 6.32456
9 11 5.38516 5.38516
11 16 4 4
16 29 3.60555 3.60555
29 18 4.47214 4.47214
18 9 3.16228 3.16228
9 2 2.82843 2.82843
2 13 2 2
13 19 3.60555 3.60555
19 29 4.12311 4.12311
29 17 4.24264 4.24264
17 26 6.40312 6.40312
26 23 7.2111 7.2111
23 16 8.24621 8.24621
16 6 8.94427 8.94427
6 8 10.7703 10.7703
8 5 6 6
5 17 6.08276 6.08276
17 12 1.41421 1.41421
12 10 11.1803 11.1803
10 17 9.84886 9.84886
17 13 4 4
13 22 4.24264 4.24264
22 11 5 5
11 3 5 5
3 13 4.47214 4.47214
13 5 7.81025 7.81025
5 23 12.8062 12.8062
23 2 7.28011 7.28011
2 14 3.16228 3.16228
14 28 2 2
28 23 10.0499 10.0499
23 25 6.32456 6.32456
25 19 4.47214 4.47214
19 2 5.38516 5.38516
2 16 1 1
16 7 6.40312 6.40312
7 25 5 5
25 26 4.47214 4.47214
26 1 2 2
1 27 6.08276 6.08276
27 29 5.09902 5.09902
29 15 8.48528 8.48528
15 2 7.61577 7.61577
2 8 6.7082 6.7082
8 19 4.47214 4.47214
19 12 8.544 8.544
12 18 2 2
18 2 1.41421 1.41421
2 20 6.32456 6.32456
20 24 1.41421 1.41421
24 1 2.23607 2.23607
1 0 1 1
0 22 2.82843 2.82843
22 5 3.60555 3.60555
5 16 6.32456 6.32456
16 12 2.23607 2.23607
12 13 5.09902 5.09902
13 9 4.47214 4.47214
9 25 3.60555 3.60555
25 11 2 2
11 27 3.60555 3.60555
Coordinates:
6 9
6 8
7 4
7 8
9 3
10 10
0 0
3 8
4 10
9 6
0 8
4 4
10 3
5 4
8 1
0 1
8 4
9 4
8 3
2 6
5 10
3 5
8 7
0 2
4 9
6 4
4 8
7 2
10 1
6 7
